1,318,109.66671235888859
1,589,85.27368028956171
1,588,84.47692989349174
1,377,78.5192841029768
1,858,76.70341887926764
1,4993,72.54086534493183
1,150,68.36712107501624
1,5952,66.19849460439134
1,364,49.782876702922934
1,32,45.770515461290046
2,356,372.62272242355283
2,296,331.2964043375644
2,260,273.45331670520994
2,2571,251.67786026388117
2,593,240.99140086824664
2,527,238.21791975242843
2,110,232.86567421450633
2,589,196.10374045962277
2,480,183.78717070102496
2,1196,145.3994687474274
3,356,201.35324990389046
3,318,159.28914471070317
3,296,134.4946981245344
3,2571,131.32401655801237
3,593,127.53172860010457
3,260,123.39144498190045
3,110,116.88090973496709
3,480,105.15061241241008
3,1196,101.86761774409106
3,589,93.23215600334244
4,356,149.3161803058304
4,318,147.96887933916494
4,110,105.2933499009997
4,527,100.72800955505956
4,150,92.29245355391981
4,589,92.05855328337903
4,2959,87.2046551416395
4,480,73.04627602275863
4,780,68.31033801249973
4,1,54.53853397245153
5,356,366.6772081992669
5,260,287.6705864895332
5,593,236.82903943966247
5,2858,216.9565242835213
5,2571,179.12332700814665
5,1210,169.08785519571114
5,1196,161.25773449004296
5,480,124.16487931039494
5,780,105.99962622627201
5,2959,104.96591387702765
6,2571,80.36428494167545
6,2959,70.84354339677594
6,260,70.11220214334281
6,4993,68.26951524712717
6,2858,66.98194704169154
6,858,65.78329029700623
6,1196,61.900863153581945
6,780,59.48124427731937
6,1210,58.11101438907693
6,1,57.20758877612823
7,318,184.56622219500755
7,2571,168.34866962681835
7,110,154.66173713363537
7,296,147.07354806305602
7,1198,141.82208270754703
7,527,130.55700351204385
7,858,121.21948389768336
7,2959,99.96645366586229
7,47,80.12792901910925
7,1,58.82249279788722
8,260,133.73880838706842
8,2858,116.58604334248122
8,2571,106.84300091810863
8,4993,105.95348268714359
8,589,86.6766122294375
8,1196,81.99201839723175
8,2959,81.54037739992191
8,1210,76.97209890352367
8,780,76.22920209402265
8,1,74.83203070089516
9,356,152.48749122959074
9,2571,105.64470371077246
9,296,101.97755533117332
9,318,99.22411113804453
9,480,89.66211806567554
9,589,86.81843161205852
9,260,85.77355759681873
9,593,81.6967144008308
9,527,75.9073664390535
9,110,75.30962946725103
10,318,99.83300756695714
10,296,98.00475463238422
10,593,81.89690790238517
10,110,70.44381723258778
10,589,68.04249880131552
10,260,66.94770941713924
10,527,66.32972706143592
10,1196,59.10698669260941
10,1,57.90072165806636
10,480,57.74442439442847
11,2571,215.1368137547203
11,260,211.4125132277431
11,589,195.60761863838172
11,527,178.883178184665
11,4993,164.74973349110374
11,296,164.20334560734648
11,1196,142.68412973415573
11,2858,133.68737792482608
11,2959,88.63036167075867
11,1,61.13152743943149
12,356,225.14595451493983
12,260,150.28914419187686
12,318,118.97097098808237
12,296,113.26417510853939
12,593,111.69892597980484
12,110,108.96406087904506
12,527,105.65793719231213
12,480,92.07895447670701
12,589,88.99565161149509
12,2571,85.52409151826214
13,2571,165.6508645222583
13,356,155.61392834405368
13,318,149.54773307514293
13,110,147.12320564433483
13,296,144.5577081475322
13,260,142.93184002051314
13,589,134.24785132241033
13,593,131.21418074474298
13,480,125.00268278744136
13,527,102.64971984323854
14,589,100.62642421780599
14,2571,92.95431353724723
14,4993,89.78749550507878
14,2959,88.75741335367844
14,2858,88.69835666959676
14,260,80.43168338485181
14,1196,69.59903735333668
14,780,67.33716564242053
14,1210,66.6640979405979
14,1,55.04152256784078
15,480,163.0997355442038
15,457,119.0532774177324
15,377,116.5557268955231
15,110,116.01961875763988
15,150,113.55314853309596
15,593,104.38619040826248
15,296,101.25872329190209
15,50,82.9894609693528
15,592,81.18018240587611
15,364,76.62915370566952
16,110,170.40871087990425
16,150,140.45381642752406
16,589,125.10934422346001
16,1,124.12808458596594
16,480,119.75356349941993
16,457,111.30580805047019
16,1196,107.0181205752351
16,780,77.13845309030454
16,1210,76.19814406758528
16,592,72.95123016071804
17,296,257.7280666021892
17,457,190.3812350034652
17,3578,185.4636958094737
17,588,177.95108311504114
17,377,159.42224409412628
17,2762,131.98588232247138
17,47,106.06933111869037
17,364,100.12504185549656
17,4306,93.72433397708717
17,32,91.83691363881424
18,1198,90.14604821069436
18,1196,85.12994812693293
18,150,80.92793588439328
18,2858,75.25861081535459
18,592,73.39164106283125
18,153,59.86853499396715
18,79132,58.32874451496976
18,316,51.71160573006316
18,1265,43.79064611423967
18,1197,36.72649551152783
19,296,98.4883882220462
19,593,86.44859125590541
19,318,83.1350494219056
19,589,75.7872806988619
19,780,74.17227527730493
19,858,66.32891303077785
19,110,66.21521888243691
19,4993,58.581044529935824
19,527,55.529934876478556
19,150,53.164233603614036
20,356,109.28632631339298
20,296,97.9383537175973
20,318,97.58718674248311
20,260,95.25237157247689
20,2571,84.63350779343094
20,593,80.00511283597768
20,480,69.75652400161691
20,589,68.10267085004857
20,110,65.85329337264739
20,527,64.83758847975149
21,110,102.32640588651574
21,50,96.04959049121815
21,318,91.79357883771438
21,377,81.22556523253867
21,457,79.26992673356202
21,2028,79.10502045900165
21,593,78.67549986818494
21,527,64.6394665646748
21,150,62.787492895191754
21,47,54.9136296493298
22,296,197.95129354963672
22,593,164.77128295582165
22,260,152.30289311290315
22,527,145.10104513350583
22,110,142.75571699977854
22,2571,125.72369155494968
22,589,118.62113419351134
22,1196,101.66601242960273
22,480,82.81196298533831
22,1,71.07433820396213
23,356,162.25513195515023
23,318,160.87246341860555
23,593,132.85233007518315
23,110,111.31015816620933
23,527,106.05941892516418
23,589,97.1975094068374
23,260,93.1955031690848
23,2571,92.80566993587968
23,480,63.42910309592343
23,1196,62.06796640720298
24,110,129.8158245049416
24,260,127.50961870382267
24,589,116.2716824080788
24,527,108.84033040408313
24,2858,103.50790430035077
24,1196,98.53666163642062
24,480,93.62737388039446
24,150,78.94018301598624
24,2959,71.77982907614312
24,1,70.93731714987092
25,356,627.9842349324316
25,318,535.6732300777084
25,110,456.9179644068831
25,593,441.03072864918795
25,296,438.52642499717484
25,589,392.9085998592553
25,480,374.9908706829635
25,1196,334.36016612476584
25,2959,224.69172230631972
25,1,127.63910554572696
26,318,286.21999764156095
26,2571,272.27730359708056
26,260,225.99669434233945
26,110,215.35681585323948
26,589,201.6221933725796
26,527,193.80287069373225
26,480,189.80469815293844
26,2959,127.66651026069259
26,1196,122.8577031979697
26,1,60.91563148065279
27,2571,230.80524424122478
27,318,214.37368062632243
27,593,175.49800209090907
27,110,166.04111059732966
27,589,165.48432452418257
27,150,154.42798742145533
27,527,144.03343209484385
27,296,127.61740471446926
27,2959,90.53786660624984
27,2858,78.13714737681141
28,110,115.1168897671891
28,296,108.74763326338098
28,380,73.646422334318
28,2858,71.88281951774826
28,150,69.60013073833221
28,1270,65.90599516642655
28,364,56.73127820644829
28,1,53.241626800102594
28,588,49.73370345106822
28,4306,42.25996290910702
29,2571,320.4232661353367
29,260,277.8670511017373
29,593,272.3305541345582
29,110,265.5701610090923
29,589,246.5757165182083
29,480,245.97034256211646
29,1196,224.12574005797197
29,527,219.9421110991763
29,2959,98.53639659774117
29,1,74.04760199013838
30,356,631.8879063502511
30,480,528.4779269236609
30,2959,413.3979177980467
30,780,408.55962685057153
30,593,354.2081262140813
30,150,351.41695715828183
30,527,304.42762476977697
30,296,239.15652494967088
30,2858,194.4714304428826
30,1,94.49029856304904
31,356,242.5573480572822
31,318,232.87323227033448
31,296,204.17736028205678
31,2571,193.57152685271245
31,593,189.03691508117333
31,260,176.48764933540588
31,527,153.1042783302065
31,480,150.53011388403533
31,110,150.35881557609582
31,589,127.28064148237057
32,356,142.8962355487543
32,110,109.00510132334631
32,2571,108.96716087530619
32,589,93.38763002914253
32,4993,90.27963798649725
32,480,88.9852320322461
32,2858,88.88345384781616
32,150,87.12274034113352
32,2959,78.079841425764
32,1210,70.48920541476592
33,356,129.8481755634466
33,2858,77.21098935546817
33,260,76.82862147441861
33,858,74.33471492410496
33,780,64.82692818403208
33,2959,62.85156564693459
33,4993,61.984240184384284
33,47,61.9516728432446
33,480,61.940044264007035
33,1196,59.330210342932425
34,260,134.25241119926378
34,480,119.7375098565841
34,1196,118.52915583358423
34,1210,111.27226874173213
34,296,107.28098350882766
34,593,82.67208788147207
34,150,80.6657785638743
34,1,77.86832719349493
34,527,71.77731993378843
34,2858,62.90658102821807
35,356,213.56699871350042
35,318,170.3337564237466
35,296,166.4996797096751
35,260,136.189328675326
35,593,127.4401588512152
35,527,126.68435106037859
35,110,112.98594496680101
35,589,97.47182995513727
35,2571,91.30453201487649
35,480,82.65457395082557
36,356,198.60518066868357
36,296,170.11540551408586
36,2571,165.06959662418058
36,593,157.45245233918098
36,260,144.89490812653727
36,110,142.85826858139154
36,589,133.27407910019733
36,527,127.52347379536971
36,480,102.43743882792823
36,1196,95.15515644679589
37,2571,249.9668765283333
37,480,232.5624149310158
37,260,232.19795326510047
37,110,198.3423717465538
37,527,194.29411267164187
37,1196,191.5018771439405
37,589,186.86701381150877
37,780,177.80455831971025
37,2959,126.17180149397115
37,1,104.77153540251368
38,593,110.50644637866802
38,260,104.10768000762405
38,2571,101.05261244232757
38,589,88.0048896823958
38,2858,82.41197252501144
38,480,80.96689042789286
38,1196,73.61629537438981
38,2959,72.38077988172013
38,780,70.24306333933924
38,1,60.429861095230805
39,356,177.627984476003
39,318,174.7616387833013
39,480,120.05191245921498
39,4993,118.92486657861114
39,527,118.01723714337827
39,110,115.31219195262165
39,150,99.05809413401623
39,1,90.4981501589074
39,2959,87.7230568982384
39,780,77.49349461438068
40,356,109.3831804333192
40,593,83.01474115029045
40,2571,79.64278385943098
40,260,79.42364642506543
40,480,76.05869483273526
40,589,72.53884339292453
40,527,72.17062591377262
40,1196,70.12177792483254
40,2959,60.59312621272962
40,780,58.652736756405695
41,318,134.36092549800125
41,110,106.15337537911215
41,260,101.89767224426019
41,589,98.00618165294489
41,780,95.90190779454107
41,527,93.63694027384734
41,150,83.80478064960079
41,1,83.55120486261967
41,480,69.82121605232024
41,1196,68.04686623835532
42,858,98.42585530865003
42,110,81.40942048701459
42,589,80.80047939783326
42,480,75.51449584797598
42,4993,68.9718701348318
42,2858,64.79487649231152
42,1198,63.28064537480654
42,5952,62.941542691349234
42,588,58.67399593740468
42,1,56.72616486054902
43,260,91.54003216869243
43,2571,86.30328913409862
43,1196,80.81912750028701
43,593,76.98234746655952
43,4993,76.10553088692124
43,1210,75.87101765333067
43,527,66.56667366956403
43,780,63.23048776704417
43,2858,61.505402456640184
43,2959,56.05279982944975
44,356,153.41216529967562
44,2571,132.2140136993812
44,110,114.3833515600475
44,589,111.67338576928084
44,480,108.97326910378686
44,1196,107.0229506364407
44,318,102.7024676052689
44,296,97.45765109933153
44,593,77.01629108895347
44,527,72.90716195003745
45,318,122.34870352735976
45,589,99.53691102808241
45,527,82.58499466795507
45,5952,80.43177878901119
45,377,80.36341249272125
45,50,77.86520835842413
45,2028,77.32990341795676
45,7153,76.09713202792675
45,47,65.76942960366691
45,592,64.22540185345953
46,356,172.60453685050328
46,260,131.93387766730052
46,2571,117.4305175710002
46,1196,116.48216226482388
46,527,110.84107310734278
46,296,99.63536055621297
46,480,96.78843440422281
46,589,91.15397946556128
46,780,81.59169392697127
46,2959,71.87702437918203
47,318,207.2620224651982
47,296,193.11074691890852
47,593,172.51666401689852
47,260,143.2732081720398
47,110,141.53222736640316
47,2571,141.2970099015688
47,527,140.3973976578658
47,589,136.5067335364799
47,480,104.42273143571511
47,1196,94.12867921215087
48,260,230.0163708717249
48,356,221.52283465676422
48,480,218.18756129052747
48,589,203.85300115946322
48,110,198.602797165985
48,1196,191.568919717695
48,593,121.99721715584653
48,296,119.61366484983633
48,318,117.15066391139601
48,527,102.50028105179275
49,260,403.86142386275156
49,480,387.17155118799496
49,296,371.18064854294533
49,589,356.7345631803037
49,593,356.1524789765954
49,780,319.3691630219624
49,1196,309.8332131514292
49,2959,303.62315610031095
49,2858,260.81583464065886
49,1,118.307599074182
50,356,124.38080846755174
50,260,97.14351987216284
50,110,86.68406935089612
50,480,80.56642240162402
50,2858,78.20523320873109
50,527,77.96754272049577
50,1196,76.0513018018125
50,1,75.12406435488059
50,589,69.15580416300597
50,780,66.03363254047731
51,356,118.24317407221575
51,296,98.5703725754758
51,318,90.76864382189726
51,2571,88.32892696440327
51,110,76.90802600285845
51,780,75.57856414841117
51,480,72.80235777144175
51,2959,68.604704175544
51,2858,62.735632461208425
51,1,56.17955843464667
52,110,165.8800729072441
52,480,157.5886716372
52,589,151.2887701978106
52,1196,146.38568550185403
52,780,140.41075956300284
52,296,110.21437427258375
52,593,88.59687691478261
52,527,67.56794593907046
52,2858,63.663606632164004
52,1,53.92030636738477
53,356,171.92770913166478
53,318,163.48063460187973
53,296,151.79742458083658
53,593,134.0692582064323
53,527,110.26044147578845
53,110,109.63910734452773
53,589,99.99492660588871
53,2571,96.64089008202242
53,260,89.23431036512838
53,480,83.77697864112888
54,260,241.22496652455334
54,2571,235.42503838191487
54,527,233.95321459059332
54,4993,222.11116688318472
54,1196,190.30467592312257
54,1210,185.679935878337
54,858,180.51067681613597
54,780,170.45904347710297
54,2858,162.26014387829142
54,2959,160.8480674652275
55,356,271.3857880103964
55,2571,270.8521441469677
55,318,266.9041142510902
55,296,250.94197870423304
55,260,234.87959375244856
55,593,221.63488630081898
55,110,213.3918139760331
55,589,194.6212377466598
55,527,173.8266021880184
55,480,122.43727243675599
56,2571,192.3744741995384
56,260,177.4082752500691
56,110,160.5519820552542
56,780,155.93978364802103
56,1196,147.2867068090216
56,2959,127.49566447022544
56,527,110.55962014316093
56,150,103.79066380786536
56,2858,87.02400678165384
56,1,76.84864678777276
57,318,93.37863177467221
57,4993,79.79692112048112
57,1210,76.89294601037058
57,5952,72.2477167659163
57,7153,68.35412723960943
57,2959,66.82533735062471
57,47,60.735302063511995
57,648,55.546658827858145
57,4226,49.778057414240855
57,4306,44.38274283085772
58,593,96.59764678186944
58,2858,77.91997311218255
58,2959,75.86204177589042
58,2571,74.18973503929996
58,4993,71.50210852679015
58,260,65.05189740149201
58,480,62.208994105747664
58,1196,56.801515889464035
58,1,55.64230127947497
58,1210,53.63021222161795
59,318,300.8739744276066
59,296,286.74709672787736
59,356,282.7105985546956
59,110,218.45568480922623
59,2858,187.10324856345764
59,150,168.1991480330226
59,4993,159.55831853998853
59,1,147.7077171523664
59,47,132.32328182042076
59,2959,96.95473654686597
60,356,524.4501523384579
60,296,455.3220418150741
60,593,378.6396341377359
60,260,368.91055942681186
60,110,326.3704616040516
60,2571,305.5024122888805
60,589,277.83399980840477
60,480,227.4747634833702
60,1196,218.60481524404847
60,2959,146.94841564335317
61,296,288.35834589931187
61,356,249.51295660749227
61,2571,199.12947920119393
61,260,188.96324996472262
61,589,159.0764009177024
61,480,152.4198496393408
61,527,145.21634360824964
61,110,138.53533505288993
61,1196,134.28701857123335
61,2959,111.43870292712853
62,260,130.38680859803267
62,780,122.68458402343629
62,296,119.02538675482676
62,589,118.36373037885642
62,480,114.61820801395879
62,1196,113.98482128900298
62,110,104.39767331380641
62,2959,88.54907060856806
62,1,86.84727782165695
62,2858,64.53786264456494
63,260,154.43641227958682
63,4993,127.3056912034432
63,589,125.71164575065872
63,593,123.40636234745783
63,457,114.06862397048015
63,50,106.95131651663014
63,380,91.19241694436458
63,2858,66.87238625283845
63,47,55.72999195709153
63,2762,54.543493171441675
64,150,78.3518321553032
64,1198,62.168497118194985
64,58559,61.59841559593661
64,1270,58.59316911824939
64,457,58.34325866059552
64,3578,55.534893812821906
64,592,48.48131446711936
64,380,45.506704555443065
64,648,42.21053248400176
64,1291,40.75704636928163
65,356,334.8374044503864
65,296,294.31656165217646
65,2571,252.99032704501747
65,593,249.68263471623683
65,260,242.48682411057615
65,110,238.77931669369835
65,589,218.92879493328445
65,480,163.26694386976678
65,1196,137.57535675234365
65,1,70.27422070435728
66,356,125.51897209128562
66,858,74.44621954613497
66,527,72.49872984050117
66,457,69.1161262554031
66,150,68.06003209516436
66,592,61.288915540884325
66,377,60.75130695010868
66,1270,60.3581965133981
66,364,55.841017980822286
66,588,52.5648689599676
67,480,406.30472957296047
67,260,373.5681102379812
67,589,357.60136017597335
67,110,334.0770568856261
67,593,321.66981716363773
67,150,309.98588552733725
67,527,303.76639690670123
67,780,297.02452025119567
67,1196,259.5555912583871
67,1,102.30776515130768
68,480,92.8300947896094
68,593,84.34297270928475
68,150,67.10346114757375
68,588,56.80372025218144
68,2628,54.2941305316029
68,3793,52.65308815743921
68,733,48.60995996717331
68,32,45.38955320248082
68,7361,42.39278145050485
68,1073,36.784629964044754
69,110,250.1989844090512
69,527,225.46523744267685
69,480,222.37156535271157
69,150,222.31938050210763
69,4993,217.5315051994791
69,780,205.7882705918976
69,1210,178.38561467426996
69,2858,170.71826425824958
69,2959,129.8081947074189
69,1,121.40331567140481
70,296,565.8205560745494
70,593,486.6483152615678
70,260,455.602249127384
70,110,443.28867482664396
70,527,394.14491649284
70,2571,358.3571955534064
70,589,265.16998511833174
70,480,216.0882421257223
70,1196,209.61301428770474
70,2959,121.6011347013849
71,356,299.8779844618476
71,2571,270.2846435002402
71,110,228.05266795332764
71,480,222.77367100996358
71,318,215.76467294133096
71,593,214.69886534090077
71,296,211.6358112223833
71,1196,206.9366801798714
71,2959,153.21126087182975
71,527,147.0840827287832
72,356,469.1433947493218
72,4993,300.63190050058887
72,858,289.437619811446
72,2028,285.9698100839034
72,5952,274.34714417266855
72,480,268.95592746052074
72,588,196.80123640715982
72,1,128.846035102766
72,2959,124.47442841078707
72,592,116.4567461867697
73,356,159.9224217362326
73,296,112.31687705884914
73,2571,107.78744314172404
73,318,101.47488477402936
73,589,92.29315593075701
73,110,92.1561757828275
73,480,85.75966763669571
73,593,84.27901126182866
73,1196,78.92714554989138
73,527,67.42060140918561
74,356,255.89394676113585
74,318,255.501027657475
74,593,215.48657235963023
74,110,179.7620433465434
74,527,170.01767310231398
74,589,148.36706014980015
74,260,130.90883559312402
74,2571,118.6699565619751
74,480,91.31416851070561
74,1196,83.86048540728113
75,356,393.44768151150305
75,318,322.69314113059613
75,110,256.95520396927674
75,593,252.2234982701858
75,480,247.18524060815338
75,527,240.3676664658982
75,296,233.022855652354
75,780,200.57293412647206
75,1,97.02895871658743
75,2959,87.00709996982494
76,4993,99.17825370522412
76,1210,96.28149694986215
76,780,83.65825879152958
76,1198,80.2058789417515
76,110,73.84968421518153
76,150,71.19248569447583
76,527,67.01175049155361
76,50,61.332549893775216
76,457,48.446241514340116
76,592,47.02355440738589
77,356,569.0605120086451
77,2571,475.556307973928
77,480,418.77511107732283
77,318,374.44564181237826
77,589,366.79569976702066
77,1196,355.0198000486226
77,593,291.5534857906184
77,110,291.08929923851707
77,527,290.080134870752
77,296,186.89369019486816
78,110,253.3494368000321
78,4993,244.29330484424207
78,593,241.42587750296445
78,858,240.35152517723773
78,1196,233.4860223984727
78,1210,225.72728981069028
78,2959,223.88166355347533
78,527,186.9777561449844
78,47,99.23661811817774
78,2858,98.48087134510199
79,356,421.9885241001772
79,318,403.8639382185203
79,110,315.8616679108835
79,593,303.600134286887
79,527,281.8075157709716
79,780,259.4965876612581
79,296,226.3527340371441
79,2959,172.78236854201577
79,2858,143.3100235885
79,1,73.35881646622045
80,2571,215.82734057066622
80,296,200.76248667667898
80,480,182.1673323411352
80,589,168.3397000824339
80,260,135.88827742650176
80,110,135.63891698773276
80,356,128.10252059212849
80,1196,117.0293286729579
80,527,70.83257190556718
80,1,53.952420903636934
81,356,327.7096511652115
81,2571,306.1523589016475
81,260,271.74030653830897
81,593,220.57127727024138
81,780,200.89301416612452
81,527,192.0213444358192
81,1196,190.11310489205044
81,2959,130.27492942875247
81,2858,122.70081633062084
81,1,65.60072777148365
82,296,113.00617916438392
82,2571,110.24075474952755
82,50,103.4889007476982
82,318,89.22876546096622
82,2959,80.83653692050821
82,4993,74.70596441750624
82,593,70.34690053936907
82,2858,64.76715293957272
82,527,60.860750246815456
82,150,55.54880270060428
83,296,227.94548319145525
83,593,220.74245757808893
83,260,209.1984105757195
83,2571,200.41791774334985
83,527,192.96009474002688
83,1196,167.86288510506765
83,780,151.63244150477698
83,589,149.07191071405646
83,2959,98.98611720960818
83,1,85.08911835585374
84,110,81.22376738417469
84,2858,80.64708629340949
84,589,75.24439349659082
84,2959,74.28367509558821
84,47,70.03385549769884
84,2571,69.0689780475295
84,4993,68.81458070048133
84,780,58.3050012732011
84,480,55.24959479308097
84,1,50.27451279749548
85,356,309.3172296092802
85,318,298.4769781586197
85,296,277.22946445919257
85,593,253.7449815777824
85,110,164.32450667537142
85,260,141.5586860751892
85,589,126.91289056064245
85,480,108.19987540937345
85,1196,98.91739553867292
85,2571,92.18003114733855
86,593,230.81007948486896
86,527,207.67342137379555
86,1198,207.40438013707245
86,589,206.4263090307963
86,296,204.8489004206386
86,110,170.7012054527635
86,858,168.43476661144905
86,150,166.0756806382921
86,1,140.45721881302336
86,47,82.13448630911
87,2571,185.9554902199144
87,296,177.50197131894078
87,356,169.1031243937196
87,318,160.79281195988386
87,260,156.3212144751662
87,589,152.86680479849963
87,593,143.75970750973292
87,480,129.08062302964916
87,110,126.93348394904928
87,527,114.7698094340887
88,356,317.5405409701456
88,296,291.61276971620345
88,2571,257.74548075713744
88,260,245.64555194973437
88,593,244.9885550438997
88,110,217.22685149245498
88,589,201.4027883173211
88,480,137.4543732133286
88,2959,133.76476384786923
88,1196,125.52629506027525
89,318,87.09302835568234
89,296,79.82826551915905
89,2571,75.96637742563529
89,593,63.122613941734464
89,260,62.449713302836486
89,110,62.07765391711156
89,480,58.63605782717545
89,589,56.61711954477305
89,1196,55.135782916017796
89,527,53.409290790104905
90,356,141.20847623630814
90,318,123.0381867119853
90,296,114.75373388068753
90,593,110.9648808833258
90,110,94.52270355211247
90,589,90.67060633037093
90,527,86.97349327308643
90,2571,71.39113160334419
90,480,68.36349848461556
90,1196,54.6588351338104
91,50,79.84279386942171
91,2959,74.98653587927726
91,457,71.40893129992638
91,1580,66.59724433279821
91,527,64.72718888300966
91,2858,62.10691022336372
91,58559,59.60841548729106
91,79132,47.44540137675805
91,1721,44.31175752956489
91,6377,37.05402095996944
92,318,144.2813781858615
92,356,140.71831725359988
92,260,138.15754748474106
92,296,116.97341711323192
92,589,93.24648362772697
92,480,80.40159329662889
92,593,80.01845075662571
92,2571,79.50363772227068
92,110,69.46164044884927
92,527,64.84150292392908
93,2571,295.7976698215366
93,480,231.77895282674447
93,589,227.62555060485434
93,296,220.60485666600832
93,1196,215.30177608550673
93,780,206.5139484901799
93,4993,205.97238514434892
93,1210,202.1200346925165
93,2858,150.38309804199488
93,2959,100.58661018603371
94,260,153.26718777521234
94,2571,134.9371786850711
94,480,118.39472599087182
94,1196,108.12483806928321
94,780,106.57861902014143
94,527,106.09406652016014
94,1210,101.50495002422505
94,2858,85.12840896805392
94,2959,77.55696762893284
94,1,59.309397309448485
95,356,172.91794795174545
95,318,148.59342685203433
95,589,140.04805519099168
95,780,133.6499206898804
95,593,122.6718504531146
95,296,112.35310204160962
95,110,108.80061084759123
95,527,99.34657940951115
95,2959,77.30054511297757
95,1,59.8840509883821
96,318,280.23145259160526
96,356,267.87834654399273
96,593,224.36379406065387
96,1196,204.2801225745068
96,4993,196.11885723141387
96,457,165.6038586310082
96,2959,155.00340396332027
96,588,146.19465427576964
96,592,118.36866085656403
96,47,83.45158916835669
97,260,209.33696166673062
97,356,201.57319556065022
97,110,195.7936693530222
97,480,191.26140848836891
97,1196,184.82002021026668
97,318,179.70906610487538
97,589,178.5710780673397
97,296,134.56136253072128
97,527,122.80745311018651
97,2959,88.391035174342
98,318,219.57434737180986
98,296,212.72412422340054
98,260,183.12240242497546
98,110,163.13293059475973
98,2571,161.25617195838794
98,527,154.15265295097146
98,480,134.08317447715726
98,1196,123.45830190821056
98,589,114.02674828230083
98,2959,89.95465334331871
99,2571,141.4290885135455
99,356,115.82267186433727
99,260,114.51742379130715
99,110,112.24193463817821
99,480,108.92764827208755
99,593,108.23130635581833
99,589,102.36880149870883
99,1196,101.1054732571901
99,2959,82.03005642159651
99,527,66.72990879386211
100,318,112.59746993910072
100,593,92.36809398394026
100,110,82.44424917574833
100,2571,80.66881902255552
100,589,78.01505497536232
100,2959,74.81542690165313
100,527,74.81052240021607
100,260,69.95499149612237
100,480,68.01964219325687
100,1196,61.762064564144076
101,356,145.2482171666261
101,296,113.32174460267974
101,318,111.53586071628972
101,593,94.13215830591203
101,2571,84.73328632061202
101,589,84.04232683794002
101,110,82.83872274699077
101,260,80.21600179238129
101,527,74.10518203522979
101,480,69.83876333456695
102,2571,167.9023215363791
102,318,150.33746416818758
102,260,143.91018104921616
102,110,129.42163447304202
102,780,128.75236312050387
102,296,127.86811502447804
102,1196,124.68844188334516
102,2959,96.8701932361858
102,527,82.64837857833811
102,1,65.34744738868798
103,150,110.96173441598332
103,589,109.02518228704129
103,2858,108.30214495181775
103,780,98.88802026610004
103,457,93.37534119925954
103,47,86.24178398223334
103,377,85.70781430772377
103,588,71.72232407479565
103,592,59.64288088112932
103,32,53.95964972740458
104,356,144.75585885333902
104,318,103.94685309804034
104,1196,92.48300754612029
104,1,90.06747484611451
104,296,89.6927646798833
104,593,88.02508601178802
104,2571,82.52377243663071
104,480,76.80430741063586
104,2959,63.0453348850898
104,589,61.43745847535341
105,480,71.48796323467903
105,150,65.29743789692463
105,1196,65.18939235492476
105,1210,61.19820506788855
105,780,60.52718023682835
105,2028,59.98889934081144
105,592,56.34265306215471
105,588,54.68415570552069
105,1,53.50991103638107
105,457,53.35810623968406
106,356,482.1435326679161
106,260,459.7765128617109
106,480,423.6959061848323
106,589,381.61018305503285
106,1196,274.3645396694324
106,110,257.5766312777739
106,593,225.21889567754863
106,527,205.73861271975892
106,296,127.52232410466858
106,2959,127.19938861626443
107,356,255.67371632375855
107,2571,221.5740041330596
107,593,179.00801040525727
107,260,168.47785725073243
107,480,153.22084301670463
107,527,149.21878371988754
107,589,147.5245747076717
107,1196,143.43081363114004
107,780,138.47648297279986
107,2959,90.17750938904628
108,356,176.64445656053033
108,318,136.50252373454163
108,296,136.2682558480348
108,593,119.54937340864954
108,110,99.94761059885082
108,2959,99.90823935150738
108,589,98.32563197867098
108,527,96.35026062376544
108,260,67.7351608754277
108,1196,57.59669553663025
109,318,125.85610201783267
109,2571,91.89785525063687
109,2959,82.94354717820708
109,4993,81.2805681584152
109,260,80.25921249751975
109,2858,75.30448493668482
109,480,73.62082891307583
109,1210,69.35967401092022
109,1196,64.6160113144265
109,1,53.14913062214605
110,356,273.449338758925
110,318,265.46184888201446
110,593,224.3211524734232
110,260,221.76131065651174
110,150,163.78643252299165
110,480,156.3453912088522
110,1196,152.62515448093563
110,589,137.7650875949188
110,1,133.4865193905975
110,780,99.8830318152033
111,296,86.11330716441735
111,780,69.88796673927125
111,260,68.26220489528167
111,589,65.27684349138221
111,110,64.06205764198054
111,1196,59.55978978026658
111,527,55.65836201588526
111,1,55.549665420005965
111,2858,52.93940027759533
111,150,52.04165178155392
112,318,277.2111101192452
112,296,242.10263262043694
112,589,233.71161773104723
112,527,200.96930015206027
112,150,184.68880858463754
112,780,184.24494061476358
112,2959,179.92296978165749
112,858,179.58434484456424
112,2858,165.8321863178477
112,1,83.1076620539722
113,318,141.4598706415802
113,296,140.06751905322713
113,110,102.35237814812952
113,527,100.82934760093559
113,2959,92.42874337411942
113,589,91.73291318440683
113,2571,82.12969482861327
113,480,74.92480675944317
113,1196,61.6855310142524
113,1,60.42664262620643
114,260,240.3047441733977
114,356,210.9322501774718
114,1196,210.29770717542394
114,2571,200.4639239128315
114,318,181.192134887319
114,480,174.09080558737165
114,527,136.73965021611136
114,589,123.96033392521139
114,110,120.76440251209476
114,296,120.01999524986036
115,356,172.60520949806954
115,318,170.23790350311137
115,260,146.7292956557915
115,1210,121.61347027326863
115,4993,120.95252750004435
115,527,112.87472210752733
115,150,108.886668654527
115,1,66.43471119298982
115,47,65.14601390175025
115,2959,57.43684808699683
116,318,307.55008441970455
116,2571,301.5934595310705
116,260,261.5380781871002
116,480,248.71820696658187
116,296,245.79313680604042
116,110,229.15733886987303
116,1196,221.01803780387633
116,2858,172.89775941251673
116,1,109.27466779849033
116,2959,97.0589253482826
117,2571,90.8107275474088
117,260,77.46418857044245
117,4993,75.72286373714765
117,2959,74.9817276470554
117,858,72.43068350176092
117,1196,68.39180612525548
117,1198,66.85469932254486
117,1210,64.20455268901536
117,2858,63.3263654004181
117,1,57.34789519230921
118,356,609.7722073426477
118,318,569.8270180822346
118,593,500.21991246413813
118,110,381.73599416677905
118,260,374.52795474341764
118,2571,301.67343585843963
118,480,252.19040036770886
118,589,250.53057247275873
118,1,210.2188762276179
118,2959,133.7486440392055
119,260,166.08697017314282
119,110,161.75782154807618
119,480,156.534797783107
119,589,147.52912428227316
119,356,145.72814938121255
119,1196,143.88831525811824
119,318,139.3921975715466
119,593,115.46805649123164
119,527,92.102961674099
119,2959,83.72677075825291
120,356,244.0744557779822
120,2571,205.8723372357121
120,318,157.87382825291505
120,1196,148.437380091438
120,589,117.17929923325407
120,593,113.65150365304449
120,480,110.05152403118413
120,110,107.88463147877088
120,296,92.74049761096589
120,527,92.04832527271371
121,2571,139.30053505309724
121,593,130.2613155076319
121,260,115.75815186492848
121,589,100.54947178107545
121,480,93.57953534355676
121,527,87.97369378988027
121,1196,86.8443187416315
121,2858,86.28745529483798
121,2959,83.78898080479233
121,1210,78.98891177643948
122,260,121.90932226276902
122,318,101.60216316978537
122,110,92.00526703028319
122,1198,87.20392872666746
122,4993,82.98484393729271
122,2858,81.81204049443419
122,2959,78.6549957173255
122,527,69.21299833082207
122,150,68.05502176311553
122,1,63.86586778703344
123,356,186.02735581102584
123,110,151.18922948384187
123,589,146.32268138930934
123,2959,133.23579981311462
123,780,128.79885832465155
123,527,123.59783640325784
123,480,121.86661567016748
123,150,101.47581275819107
123,1196,101.00744880335154
123,1,81.29832856030924
124,2571,196.72359399952256
124,527,183.7141956556169
124,1198,176.31907327618276
124,4993,172.8316981579266
124,589,161.7438226007442
124,150,158.9352240060368
124,858,157.23851540655525
124,780,125.24558865212597
124,47,111.3710488154692
124,2959,98.46964602170809
125,260,101.53092808234274
125,480,91.24671389488849
125,780,85.39445494834283
125,1196,84.91152744354054
125,4993,80.89560370513236
125,527,76.53822574967003
125,150,73.72830756516997
125,2858,71.70390705323462
125,47,68.20609595814604
125,1,56.66586964205086
126,260,304.8191729633197
126,2571,278.5681475606122
126,4993,249.18347313495732
126,527,244.61687180492294
126,2858,209.43921828866763
126,780,195.11275079723552
126,1210,187.30804137697288
126,1196,186.97605726328788
126,2959,143.95422488322794
126,1,65.91033041026985
127,356,376.0221075520256
127,318,357.4199495083592
127,296,314.46533827403596
127,593,295.22580029011834
127,260,241.94683738316394
127,2571,239.34939631532743
127,527,237.4722376394522
127,110,224.75953100527047
127,589,183.780520264797
127,480,143.11851793413382
128,318,443.99294495913864
128,296,441.11257320112884
128,2571,410.1237120626544
128,356,406.4497690624084
128,527,308.2018158011792
128,480,299.97800341913165
128,1,280.3914436966811
128,589,209.21435067141965
128,780,193.57576011778323
128,2959,84.77013397310898
129,356,142.50256058482597
129,589,137.10337185450553
129,318,125.2616308831436
129,593,115.93801877476392
129,1,105.4808531876842
129,527,93.90021355311458
129,296,89.0402355526682
129,858,87.91683398792654
129,150,85.99426462852539
129,2959,72.63397424758674
130,356,247.851590305286
130,318,194.71228610806156
130,2571,189.97999686134978
130,260,175.88286841242
130,593,154.01517152221314
130,527,143.81861715176439
130,480,131.73855086167583
130,589,126.04594508871406
130,110,123.75236839510028
130,296,115.97539351943806
131,296,338.1445675040084
131,527,256.07031942124297
131,1198,244.9705745893149
131,589,235.67906154429963
131,150,224.2182315569132
131,480,201.3140047965003
131,780,159.97071412877156
131,1210,154.69640001151714
131,2959,144.10265085466986
131,1,117.41811328757557
132,260,121.19353839920669
132,110,113.58835669841301
132,527,106.6290757063271
132,2571,101.96046094064785
132,589,92.46677801912782
132,150,92.3034864243559
132,1198,85.23684888846317
132,480,82.68826923856273
132,457,74.23714028792423
132,780,70.0471634480802
133,260,262.94936465723987
133,4993,246.45865724522358
133,2571,241.91214825044625
133,2858,204.41347719659458
133,780,200.2906471034573
133,1196,180.6357009419424
133,2959,178.92820288051345
133,47,173.79170538589693
133,1210,169.5763723128439
133,1,86.17712613207448
134,356,172.12393727992395
134,260,162.4017326134234
134,318,158.41075263469097
134,2571,147.70869805083743
134,1196,146.55800986355396
134,589,115.68527002054094
134,480,113.76317504094327
134,780,109.2176072122054
134,527,107.89801162449515
134,2959,88.06690781774614
135,356,160.6819368531274
135,318,131.34089018084228
135,780,99.25430813599577
135,150,93.29037425855354
135,527,88.00358603787755
135,5952,86.60779087251227
135,50,69.89850780580073
135,588,66.67003406880313
135,2762,63.738762712850324
135,364,58.77769810920094
136,356,106.90153644388877
136,2571,100.50679433769105
136,318,91.00408486301711
136,260,86.52803915526731
136,480,83.12185381171948
136,589,83.1210850604803
136,1196,76.39412465960538
136,2959,74.41224029334919
136,1,63.055405358255385
136,527,60.4637309598351
137,2858,248.299250667146
137,47,212.68302920868288
137,364,203.02571215195715
137,457,194.4897741280286
137,377,184.1604511210529
137,50,135.28848862663895
137,592,131.5233213295059
137,380,100.05438944431921
137,367,95.81957480091027
137,32,71.04341871719839
138,318,268.62836835287476
138,593,245.73463478844727
138,356,245.25823147739595
138,527,199.0247455311391
138,296,182.87826597006094
138,260,177.82980406990853
138,110,152.14497752480486
138,2571,131.7562852736744
138,480,119.256479545375
138,589,113.59975531502774
139,2571,178.44310610870912
139,110,151.31391230850312
139,480,147.0761538630376
139,589,144.77694323317868
139,1196,136.6205031144804
139,356,112.09069113435919
139,296,96.97127344952801
139,318,95.25082929222746
139,593,83.21707112755973
139,527,63.28529675009011
140,589,108.66120281688275
140,2959,97.15493789562038
140,2028,93.7388506273146
140,480,90.35193764172291
140,2762,85.273103935104
140,590,79.96476460161996
140,592,67.4004565012409
140,32,53.80867410672369
140,344,53.807471431236465
140,367,41.985890774756655
141,318,132.08180337487408
141,589,124.64340547040075
141,593,105.03636011379298
141,377,94.11912652864652
141,527,89.49427107243734
141,50,88.19399953647839
141,457,88.07264553919589
141,2858,85.35214250478302
141,1,72.54546613518079
141,592,65.06919580064218
142,318,229.67069426197259
142,2571,190.2823124420783
142,260,187.14490877098638
142,110,160.77991455796968
142,2858,142.49118179839923
142,780,134.9171782202729
142,2959,123.78098949268198
142,1210,99.3038334824518
142,1196,90.81052846718228
142,1,67.68260538586541
143,296,109.16103575558907
143,318,85.0539895758318
143,589,83.16395001042906
143,2571,78.63291816771982
143,593,70.53243049624989
143,260,69.90541880904951
143,110,65.66122740715598
143,1196,61.395178508976365
143,480,60.83522644237461
143,527,59.58148412871561
144,318,217.67922847084432
144,260,179.7747406723607
144,1198,152.49051799575147
144,1196,140.08071570815036
144,457,138.76208373152093
144,1210,137.09052949005635
144,858,124.66845894037279
144,2028,123.85853113769448
144,1270,94.78238479972863
144,50,88.0888110160135
145,356,261.813751788067
145,2571,217.26084685396418
145,593,211.24441076070588
145,260,205.41254810908467
145,110,187.91561761200276
145,480,179.07046361791578
145,527,170.53135510501798
145,1196,166.8455707331661
145,589,149.04888288250814
145,2959,88.57645856678155
146,356,133.7839900046875
146,318,124.49939182458006
146,593,116.33506913030024
146,296,107.67468755052754
146,2571,90.39189395512294
146,260,80.22953908651908
146,480,79.4815825350857
146,589,79.11140744842079
146,110,77.28380374574881
146,527,69.75972987433391
147,356,285.9896187971952
147,2571,256.17168961075015
147,318,122.34852812847396
147,260,115.86591429757675
147,480,105.30907516238324
147,296,100.37387613272034
147,110,98.96462837014178
147,593,94.71642617106725
147,589,87.5892581251738
147,527,78.79748980305085
148,260,273.21204906338414
148,318,231.8052718029402
148,1196,230.2845595104655
148,480,202.77010100709538
148,2571,189.6264980243911
148,527,174.89498605314577
148,593,163.98209599155206
148,589,139.3899648867571
148,110,137.46367609392811
148,296,133.98757539951
149,2571,501.5011487582
149,1196,372.132317970786
149,110,230.8723264565787
149,356,213.04235329291407
149,296,119.12680662238661
149,318,118.61105623825233
149,2959,112.49889791341356
149,593,100.09133404889617
149,527,82.64121709988218
149,1,58.82049134298306
150,356,194.94824234909655
150,296,163.84446924266945
150,2571,157.98900010344244
150,480,138.84403441486037
150,593,138.01882819375928
150,589,134.4334775114547
150,318,124.09698112853391
150,260,103.71132457360703
150,110,102.9259706343239
150,527,79.21317653159055
151,356,131.47945629283853
151,318,88.1363998466139
151,260,82.02044814093263
151,296,77.32050373616126
151,593,75.28333887976936
151,2571,72.24105458561051
151,110,60.95338980660887
151,480,59.54243170923367
151,589,55.59174903658309
151,527,55.309557417108046
152,356,248.5854318718093
152,110,172.5616781210656
152,589,169.11844082947047
152,4993,142.50947115640707
152,150,137.09489819494834
152,780,109.41242894931041
152,480,72.84608474861713
152,1196,71.97892714550743
152,1210,69.90864373559376
152,1,63.815548727625476
153,318,152.13202064883697
153,593,138.49804438323366
153,260,115.77190934451889
153,110,113.9360136474422
153,4993,102.60317622299084
153,589,102.04535479650666
153,150,101.17922399470801
153,480,80.92862646248761
153,47,76.94109984981598
153,1210,67.61103451307616
154,2571,289.69630029074017
154,260,271.59197297050275
154,480,262.112234704189
154,356,251.50213859860148
154,110,223.12716542774297
154,589,222.93035608310865
154,318,148.82301115024893
154,296,128.60075868277303
154,593,123.91806557967733
154,527,114.41146316008775
155,356,155.67001481972392
155,2571,139.46415306806583
155,318,125.74077566140708
155,480,121.6419769631137
155,110,115.99860046661772
155,1196,114.70661437488344
155,589,106.74323800772761
155,593,97.4771030311233
155,296,88.10808561524462
155,527,86.20693997909416
156,110,114.23743792097613
156,527,106.72413438869182
156,4993,96.47427137776225
156,589,93.54351471105414
156,2959,89.69469106039215
156,47,85.79844901110934
156,1,74.24073278577185
156,780,69.15570108220668
156,1196,61.260482988525816
156,1210,58.20226726131827
157,356,246.57512751482284
157,296,214.26680614750424
157,589,154.0531416461983
157,318,133.33207697574812
157,593,133.13672672309988
157,260,106.41377211322134
157,2571,103.01273503616726
157,1196,77.79089923307946
157,110,76.10620624956343
157,480,64.5703742493836
158,356,123.83176745784831
158,296,103.27055220765257
158,318,102.81573666758976
158,2571,97.77248119167334
158,593,96.98959003500455
158,260,89.38841486384602
158,480,85.44232928895887
158,589,78.06071645009898
158,110,74.49013342470904
158,527,73.96749964487837
159,318,212.0737603421745
159,593,171.8107055567278
159,260,168.4529564777897
159,527,139.15247226908534
159,150,132.42241481512508
159,589,89.18357906173333
159,780,87.80091173698675
159,2571,86.73053467299488
159,1196,74.8605612228957
159,1210,70.27726155618781
160,356,122.61709644390335
160,296,120.38685602319568
160,318,97.6813954891784
160,593,94.6798664967723
160,380,81.91465181013238
160,4226,66.49896450351278
160,527,66.21876108560633
160,588,56.01607747600818
160,590,51.155457475817904
160,364,48.307596400310224
161,260,208.78584719643817
161,296,194.56236691470465
161,1196,184.3334506779364
161,2571,181.7808975553445
161,356,179.90713406539743
161,593,171.8397547202866
161,480,149.82722415694408
161,527,139.17599969081064
161,110,127.79120616153324
161,589,122.08744928784394
162,593,193.9980979725568
162,110,172.69847106395054
162,589,151.55818879579678
162,2959,142.57644580867935
162,260,128.5937256721845
162,2571,117.00923873946313
162,780,95.22711593717813
162,480,78.62077896617569
162,1,70.67500208075057
162,1196,61.520559116630714
163,356,195.9721438648073
163,296,193.14344320551314
163,318,164.07113932626274
163,593,158.72187649753644
163,2571,147.99048874895252
163,110,122.15042270229702
163,589,121.07638969982938
163,527,112.48204879014999
163,260,108.17421361604669
163,480,102.00486532731617
164,2571,456.0832958393968
164,260,397.66432332027085
164,356,394.3004241757115
164,318,261.2577325684249
164,527,208.1429758284285
164,593,175.32414540952755
164,2858,147.6993177320022
164,296,144.2516054936235
164,2959,127.74531146745466
164,1,86.43784068976015
165,356,218.73608725727442
165,260,195.30682031732675
165,318,178.19356234628307
165,589,163.92762021376623
165,780,156.43854111770585
165,593,152.44730322095296
165,527,142.65155579398916
165,296,118.08584003598374
165,2959,103.51151479116277
165,1,62.95135894211582
166,110,169.59826228385197
166,589,161.7713715509597
166,480,152.02374276453543
166,780,145.34143297529684
166,527,139.20134188718066
166,1196,136.9874959754119
166,150,131.04533550296023
166,1270,123.36548994198981
166,364,70.27123455948906
166,32,55.079699412156806
167,2571,128.2904475304699
167,527,109.30308193347194
167,457,94.64492385223251
167,589,94.12450121424841
167,858,90.26727674557695
167,780,89.82439709786142
167,150,85.1500331909077
167,2959,71.6788513491812
167,50,67.1369135780015
167,47,66.03152925959934
168,318,316.49846804960515
168,593,307.08774221798285
168,260,302.6118410811864
168,110,253.1573620751023
168,527,248.7156920443167
168,2571,241.15478933979162
168,1196,222.33691537683472
168,480,210.7142673830524
168,589,140.99408778492494
168,2959,108.00697153722224
169,296,112.83229010390707
169,260,105.31240069371148
169,593,98.93184422909738
169,589,93.53898093898127
169,780,90.79292535320148
169,110,88.30280311357451
169,1196,83.65039921769637
169,527,83.18534834848347
169,2858,77.46660000272813
169,2959,70.71637011705135
170,260,124.64231356628183
170,2571,120.49896120935186
170,589,103.3547107173154
170,527,101.65936130021788
170,780,101.439782937142
170,1196,99.54420274183425
170,1210,99.42548828642744
170,2959,82.03142370701772
170,2858,79.13719251766327
170,1,70.27127522505785
171,356,209.72412659670965
171,2571,182.99457212124864
171,480,150.8275574905604
171,527,134.33466324107349
171,4993,126.16641076116115
171,110,124.84456083387812
171,150,119.97236006828743
171,589,110.81360221903039
171,2858,107.74453228809422
171,2959,68.52691043895669
172,356,351.79267147978334
172,318,299.54777208197464
172,260,290.7299015689245
172,2571,269.504562081116
172,296,246.91731327085424
172,110,238.27046666640186
172,480,231.86654895774564
172,527,226.82593126049304
172,1196,221.53511782355162
172,589,211.37302320404024
173,318,345.8385744129312
173,260,299.5191411672934
173,593,257.5122756640025
173,2571,245.97667189159915
173,1196,244.27147446591593
173,1210,229.7873377714032
173,2858,209.55407503996543
173,780,172.6188886637441
173,2959,117.04851258729562
173,1,88.84520512435137
174,2571,121.85950791696985
174,318,109.297335460155
174,260,105.25879722518988
174,110,102.49731701079878
174,593,95.9144159949523
174,1196,87.90153643651772
174,1210,87.24152562808531
174,2959,82.02108946910737
174,2858,65.72443731963209
174,1,56.264667513792816
175,356,204.26519987344193
175,296,128.4551834533001
175,318,125.32601964975645
175,593,109.10417151907384
175,589,92.35646401569386
175,110,91.91217693841382
175,527,83.26745712322801
175,2571,75.01955668505708
175,260,66.79505568190744
175,480,61.83252523651189
176,356,258.5088356081144
176,2571,242.24534620117606
176,260,231.0962403977793
176,480,193.9296118945868
176,1210,185.75233934437713
176,1196,164.13038964593196
176,527,147.76129992023928
176,2858,132.9468881882798
176,2959,130.84001926551568
176,1,57.0143833365848
177,318,113.6072903079093
177,110,85.9890081051558
177,589,79.97537319930727
177,1198,71.10499981403801
177,2028,67.20771860149043
177,457,60.641706028257886
177,3578,60.04017696900176
177,380,58.8200325654106
177,2762,58.558695717338566
177,32,45.2114676516539
178,318,268.2013833472246
178,260,214.16105031082992
178,858,173.6145842611579
178,150,154.8044319760018
178,2858,154.4942799391393
178,1196,134.75065974974956
178,1210,115.30251822684075
178,588,101.8835041491919
178,364,100.99352952860262
178,592,62.4736965579645
179,2571,80.53590643196452
179,260,78.91493298855747
179,589,68.17020098309025
179,4993,65.06633851354493
179,527,62.12106329936604
179,1196,61.66030336197284
179,1210,61.27143358574973
179,2858,60.406184098620685
179,858,58.3023856656193
179,2959,55.9231523258566
180,318,459.8019153759092
180,356,446.1709552035058
180,593,377.1934356643052
180,110,335.53088010199764
180,527,317.777460268317
180,589,313.5395985756112
180,296,303.8255073677868
180,480,302.01506637243904
180,1,150.6906766257007
180,2959,67.97420576942149
181,318,126.89195757431729
181,2571,114.03227295679535
181,260,94.13922167242536
181,589,92.43618947973899
181,780,87.92794521961865
181,1196,83.11390742250167
181,2959,70.42397860912001
181,527,69.99328180193199
181,2858,68.30641407218657
181,1,58.326098935142724
182,260,84.60637477574015
182,2959,78.03203033928189
182,2028,71.28769579042464
182,7153,68.29681363738358
182,364,62.6422332867589
182,608,61.688258859621534
182,590,57.973922048575666
182,588,51.14120568550188
182,344,50.27392247777141
182,367,43.24628643702544
183,2571,354.9654612172764
183,356,316.184679712774
183,260,295.2003668739392
183,318,280.6517908367443
183,593,249.0751242673132
183,780,248.3625141430346
183,527,228.28251660043415
183,296,165.29156517856464
183,2959,139.6994831227551
183,1,90.5938332879775
184,2571,172.45191624449572
184,260,147.2698827119094
184,480,142.65928199090905
184,589,115.95007290228936
184,296,107.58100491698363
184,110,105.45540195090736
184,318,102.22715316872068
184,356,101.87048260749563
184,593,85.04945151133877
184,527,67.56519566386646
185,318,209.2527546429969
185,356,206.12856563736426
185,296,164.89690048223463
185,2571,161.4921328844379
185,260,161.29120758461627
185,593,154.06520445598505
185,527,139.02894884755048
185,110,128.16435363503572
185,589,118.99136067693092
185,480,118.10839135239304
186,356,232.40006547246722
186,318,196.82513857965765
186,110,170.39438654551506
186,593,162.49872008487782
186,150,138.60440424890658
186,527,130.27345224100034
186,296,110.04716123781598
186,47,72.71229103003279
186,2858,72.6488041779306
186,2959,67.39968039637273
187,589,97.08775367344695
187,150,85.4206773613524
187,858,83.16195580616203
187,480,82.18852955221334
187,2028,78.58545172006541
187,457,71.56430092186048
187,592,67.82159371191041
187,364,64.5933132793884
187,1,61.84955489528343
187,588,55.601164786748456
188,318,383.88443896464094
188,296,330.0250614022937
188,593,315.34250395547144
188,260,285.8384378696276
188,110,281.35033949368403
188,527,255.45242433846173
188,2571,233.93014855932944
188,480,161.46459059019122
188,1196,149.98606519278425
188,589,147.17393025921012
189,318,701.6183245749012
189,296,606.1815937919622
189,260,544.1495492853962
189,110,508.4031374489027
189,589,483.88521794886185
189,480,474.8704531125619
189,2858,426.7030709528141
189,1196,381.8415379745354
189,780,334.78328114266503
189,1,119.18752491034357
190,356,210.33227858483977
190,318,166.7254681530667
190,593,162.66266859465125
190,296,158.65136894946943
190,260,144.23315309643806
190,480,134.68688893665723
190,110,124.46434784328962
190,1196,117.13650722903627
190,589,105.46780758210745
190,1,93.17011267584144
191,356,162.1447457424834
191,593,133.01365582942705
191,589,109.15428532396548
191,2959,107.73006835771777
191,527,107.73006835771777
191,260,90.69258563401809
191,780,80.40781388552482
191,2571,79.25789457865025
191,480,72.41723427236298
191,1196,56.042377689836435
192,318,224.8434578032172
192,2571,222.79421158668674
192,260,187.59223691161895
192,480,185.78527273968305
192,589,175.7514040703447
192,110,168.2183011976283
192,527,165.37154758697343
192,2959,143.4729990741779
192,1196,123.29633872025309
192,1,64.39652889012231
193,2571,370.8560800455723
193,110,273.61281996565594
193,589,242.77939898229104
193,4993,234.75213546251965
193,150,226.4881187536745
193,47,204.26399455097703
193,1210,201.24406820312328
193,780,200.52184979265647
193,50,141.32322690888574
193,592,107.09171105199276
194,356,196.03943786969583
194,2571,184.21312549622803
194,260,161.11040217373585
194,318,150.81782422014354
194,480,143.63602853727397
194,589,140.48802184580086
194,110,139.45581401070802
194,296,129.53709102021952
194,593,124.05800059325114
194,527,111.31107915882833
195,356,203.23598030565972
195,593,158.87327533988156
195,2571,145.9605696849718
195,110,141.8825336244313
195,47,122.41782028888638
195,4993,119.49355890188117
195,780,103.39397714766676
195,2959,102.2980729674354
195,480,98.70028112693889
195,1,58.39165756832125
196,356,440.70794101080975
196,480,336.00848891510265
196,260,326.6157795433455
196,589,316.45879765652046
196,593,242.35682268426348
196,318,239.45782448538844
196,1196,222.58953011523292
196,527,204.65998279390539
196,296,185.33620741328767
196,2959,166.2199830420249
197,260,283.55064616806055
197,593,281.0821056971012
197,480,252.864114304916
197,1196,230.84124605290836
197,110,229.85942047549412
197,527,216.7749864034271
197,780,206.64754786717822
197,1,196.36733124160025
197,2858,191.50042225948263
197,2959,158.4370488375767
198,2571,137.2542007656122
198,150,120.72615034717991
198,527,118.37157626723717
198,5952,109.5721038477122
198,858,109.50860021595264
198,7153,103.66702040681753
198,457,78.67690716332089
198,377,73.16995455908982
198,588,68.69426926571879
198,1,63.72195675443952
199,110,142.6909793788736
199,260,133.7328722902518
199,2858,125.1827256628432
199,4993,119.36983758429145
199,2959,99.9831336080547
199,5952,99.6925220887543
199,457,93.74450074911341
199,480,75.68652145747954
199,1,68.5272176079868
199,588,62.07909670524333
200,260,103.9416222471195
200,589,92.70906205761835
200,858,91.3737546780835
200,50,88.99922349299842
200,593,86.68104606600397
200,1196,81.05610058568669
200,527,70.20448359064784
200,2028,69.33486614270676
200,457,66.44676425223675
200,592,66.0024412698569
201,2571,198.6785195970211
201,480,160.64511236954053
201,110,113.36690316555051
201,318,112.7992598021157
201,858,98.69718413385009
201,1198,97.92017621524812
201,4993,96.17748157773609
201,2959,90.62190788436824
201,527,83.01562563878679
201,47,68.70110282167306
202,527,111.90297181654084
202,4993,107.32919236729235
202,2028,97.95389284961561
202,5952,96.10062398974254
202,7153,92.66673439361853
202,47,89.50908167138961
202,3578,83.98814248380344
202,364,77.99725906443584
202,4306,49.19815356518436
202,380,47.79666261313273
203,356,315.298552736243
203,593,246.87268648949845
203,260,243.45927540979596
203,110,220.82953695058586
203,527,209.48649605526654
203,480,204.04922607480069
203,1196,203.07178406417356
203,589,201.4047165706732
203,2959,134.95583512600857
203,1,78.38911445533469
204,356,202.02865317060014
204,318,202.02865317060014
204,296,187.7835211810301
204,110,145.96766298321953
204,260,132.65941078556034
204,589,130.89291113114
204,2571,100.13710753892
204,1196,87.82945281984193
204,1,82.50148830164335
204,480,72.49695005623946
205,318,320.3726325457204
205,2571,274.40892928795057
205,296,270.5620358283291
205,593,252.8729839912346
205,480,227.74563104742688
205,110,226.0766582856847
205,527,217.09358280746832
205,1196,190.726795336905
205,589,171.5688627133112
205,2959,117.21899501277875
206,356,184.30273903826546
206,296,156.29977338386783
206,318,155.06323525176862
206,593,144.1954557471945
206,110,125.76388979249658
206,527,119.1296754888929
206,480,109.4819865683228
206,260,107.72328207867233
206,589,97.85807013044993
206,2571,97.42841172480279
207,356,185.41726363779475
207,296,185.38203918584034
207,318,132.4106944044263
207,593,125.51541183294638
207,589,124.54648913174319
207,260,107.03420733152525
207,2571,104.12814013500399
207,527,90.93111978612478
207,110,88.38404813754536
207,480,73.82847826013338
208,356,409.38002501766255
208,589,373.11012434318855
208,260,339.0409748856515
208,480,334.4268795201424
208,318,330.1369990508046
208,593,301.41842089243175
208,1196,284.3054146462082
208,527,226.52436794014284
208,2959,224.56607797886463
208,296,220.79328669146247
209,480,316.25144577690617
209,110,297.38723300026544
209,260,296.08995460692597
209,589,281.8719947340912
209,150,247.54960320223898
209,527,242.1110540528643
209,780,236.09437723722493
209,296,226.8091180932381
209,1196,214.49388773134777
209,1,67.60114572349468
210,480,159.02107986847182
210,1,145.9063060116307
210,780,127.24313929877194
210,356,123.47769522476443
210,318,101.83488559240882
210,110,92.76163524196602
210,593,89.270497448678
210,527,78.97828152719673
210,2858,63.86255537151062
210,2959,58.17750545207288
211,318,302.7845020851619
211,593,261.8538689613307
211,110,253.1408484606027
211,296,251.49053137630548
211,589,230.8738293830497
211,480,223.9524536012321
211,527,212.07999304306122
211,780,210.26048149614144
211,150,191.48638512151095
211,1,105.03010523900275
212,480,104.89274164111228
212,150,85.9531517710274
212,593,81.00258085335886
212,110,79.91203360444223
212,1,77.61244526963155
212,527,65.60539606305097
212,858,60.919296344261625
212,50,57.95536058711605
212,47,53.14432003864542
212,592,51.052998957762284
213,356,201.46744382972733
213,318,199.63049437179458
213,296,198.98801735149198
213,2571,189.06967261044105
213,260,181.50415816625167
213,110,165.6212764029854
213,593,160.51053501538576
213,1196,146.27415321375418
213,480,140.79266404895006
213,527,132.22226239054606
214,356,133.84807910230637
214,260,129.74403678661776
214,2571,117.76406076737007
214,480,110.98080151496119
214,296,109.39339924107126
214,318,104.66092538121387
214,589,99.05221386005141
214,593,98.96798105153157
214,110,92.90659019994506
214,527,80.04537437899005
215,296,175.32879990930465
215,2571,170.6759089023491
215,110,164.79803142186836
215,150,141.3209175108842
215,480,140.67428429060806
215,589,140.39527144013073
215,780,138.6979715393164
215,1210,126.85711423770225
215,47,74.67889370215484
215,1,51.44855627467263
216,356,175.2209514350544
216,318,153.27517465322674
216,296,145.04564218259654
216,593,130.3097681415458
216,260,119.04746922916733
216,2571,109.36777867394332
216,527,106.82970840455778
216,110,100.60309811362829
216,589,80.17148145832141
216,480,75.02973555395697
217,4993,97.19439775618646
217,318,93.53478822510908
217,593,90.10853417062769
217,5952,87.51454794204567
217,2959,75.82527542991724
217,527,68.19865810577821
217,47,65.61718971924451
217,150,62.07364959839425
217,2858,61.762802971502985
217,588,57.459215831483256
218,356,279.9482791415088
218,2571,211.88861382064619
218,318,196.19018127510262
218,296,192.7309999881622
218,260,190.44499519305722
218,589,156.99202466582452
218,593,156.9110878387851
218,110,154.95704508686714
218,480,145.3531416339041
218,527,127.08501329091688
219,356,128.89497052422206
219,110,100.89268125485535
219,457,82.33861398534104
219,1580,71.83087084738558
219,527,68.47459167489157
219,58559,65.46335826802141
219,1214,56.90419846006268
219,590,56.41786699620396
219,79132,54.49007466129742
219,500,37.44641510950416
220,260,177.5550351661272
220,110,168.59211730682645
220,593,150.50950682701236
220,4993,146.36293439369945
220,457,134.6092667626773
220,2028,129.56616422654255
220,527,123.61651757806875
220,296,122.22013152356163
220,592,96.85317183373738
220,2858,68.14376639931415
221,593,117.7946781505069
221,260,102.55221751594512
221,110,101.7842913541363
221,150,92.54963479168998
221,1196,90.5415974465101
221,4993,88.64190022633422
221,1,87.98784657054162
221,47,82.4521261705417
221,592,56.41659171338083
221,1210,53.08679200050726
222,356,170.55238689391456
222,318,131.50626845914715
222,593,107.8797185325885
222,780,103.70747840917572
222,589,101.1727910940761
222,260,100.82899841198568
222,480,83.45058772931289
222,2858,81.70074803758557
222,1196,77.38361603515501
222,1,59.42434175197948
223,356,329.32269315608846
223,589,216.53193943316035
223,4993,212.98118116692186
223,150,192.6030049056594
223,527,191.75094570558733
223,1196,185.04428704326122
223,1210,173.7150449793881
223,2858,140.97487177415562
223,2959,106.53630342870314
223,47,93.84458048425925
224,318,151.1155962434177
224,296,142.84982983253207
224,593,123.96601454544775
224,2571,112.30079894280559
224,110,104.86151493163383
224,1,97.47535374406633
224,1196,93.69577868642723
224,480,92.56042412864053
224,589,84.26711110852877
224,2959,81.59990821332586
225,593,143.24049711799046
225,356,134.44523347310883
225,318,92.12625647849556
225,296,91.93341775803407
225,2571,86.6009217553931
225,260,79.35010312177495
225,480,77.38385089131013
225,589,74.59381757309791
225,527,74.00369516103191
225,110,69.27615794634532
226,318,96.36004354981125
226,110,79.9812654642698
226,593,79.87255685497948
226,858,74.25172168125272
226,50,71.35365776959696
226,527,65.9053528805399
226,457,62.62134304538031
226,2028,62.154308114003435
226,592,60.08730286275977
226,2762,47.7066089155253
227,318,278.0971639223816
227,593,210.14243168192763
227,1198,183.44139541622985
227,4993,182.38406814199675
227,2858,174.39991635810372
227,480,151.71026208243651
227,780,136.52196368899814
227,1210,132.57439262396926
227,47,124.90439932367005
227,1,75.07805390641755
228,356,429.38370258583535
228,593,333.0508825273996
228,110,315.85907836168997
228,480,312.0638310041323
228,589,291.35817397068274
228,296,282.3433982669515
228,780,278.0473944491795
228,527,265.28006510890475
228,1,170.23948337980585
228,2959,107.00566680743464
229,260,171.27144459059028
229,2571,166.86753894899886
229,4993,123.6503731228288
229,1196,123.20375606749025
229,589,122.8614267013746
229,2858,115.41699344170524
229,780,113.14833533928768
229,1210,111.24087239609152
229,47,91.11241844401769
229,2959,77.63109242763761
230,356,244.686611667492
230,2571,204.3984179845768
230,260,193.20837246064784
230,296,184.3850408053779
230,480,168.08566616542186
230,1196,156.2132149386952
230,110,150.51980010163987
230,527,142.46826847223159
230,2858,116.37270596834703
230,1,66.03966589806406
231,356,856.7954532372978
231,318,710.3379044444546
231,150,527.1453888227887
231,480,520.1637758995764
231,110,517.842820814549
231,780,442.1366401406482
231,1196,408.32683569144285
231,1210,356.1747658764939
231,2959,271.23878258861225
231,1,229.92713292662145
232,1210,78.85558379144348
232,50,78.03075038125878
232,593,76.33694682114022
232,457,69.33453333103527
232,592,69.09237787180602
232,2858,59.83801200763624
232,47,58.69009118447726
232,2762,49.08277244958064
232,608,48.15668240336213
232,32,46.40509210113588
233,260,148.6533917976874
233,480,126.79590406133124
233,589,122.61130321526225
233,1198,117.86641432113093
233,527,116.62040196532027
233,1196,114.50678098121824
233,457,112.08869524227583
233,1210,107.49616173747019
233,592,85.25681390343767
233,588,79.04050451076128
234,356,134.56702127018013
234,296,106.15639710757989
234,589,99.3791144985344
234,780,97.40403899846132
234,110,92.48701014455315
234,318,82.84996300220497
234,527,77.25404336925453
234,593,77.07459444741023
234,2959,65.77791666308141
234,2858,61.086992286284435
235,260,197.26885937049565
235,2571,164.36397574715392
235,4993,155.53326613273612
235,150,152.67145744009437
235,1196,139.95452644529794
235,2858,127.46174564375288
235,1210,118.77373160787404
235,47,87.22754707988386
235,2959,78.69515432764909
235,1,73.9539640787051
236,296,132.10633920870075
236,593,123.7912058620139
236,356,123.3980768631881
236,2571,114.94717966529534
236,589,98.87800528841422
236,318,93.37977758117343
236,480,90.93733976717067
236,260,83.71938637897959
236,110,69.70325251727863
236,527,65.9880957224021
237,296,192.11885856687772
237,260,166.34296081716724
237,110,160.15773215426108
237,593,154.33735959723498
237,527,139.76125618321169
237,589,138.63714149839723
237,480,125.09594079746645
237,1196,116.21603835694134
237,2959,103.90541338663004
237,1,77.64445861777418
238,318,272.66725934968946
238,356,247.045037971105
238,296,222.5213380118302
238,260,213.7749255375486
238,110,194.94300171898018
238,2571,167.48506679088527
238,527,155.98936017571074
238,589,147.42212568833864
238,1196,128.51005409232326
238,480,108.85504314172749
239,480,132.57280216003653
239,592,94.83987782025201
239,377,89.32593143535364
239,344,79.43417001138135
239,150,75.01875966938063
239,1270,72.31375136487421
239,527,69.07971836215013
239,2762,62.55907694172
239,4226,62.31443480011762
239,590,51.70032350331516
240,260,118.26565474604767
240,2571,117.14701144708587
240,1196,102.05843743222832
240,4993,98.71818721788902
240,1210,97.28541127404331
240,593,73.76859206001322
240,2959,68.6335344325182
240,527,67.32593289023364
240,2858,60.44153110281124
240,47,59.4613981660089
241,356,274.1011907430608
241,260,210.79653428621933
241,110,201.13477899824375
241,2858,172.26821349386617
241,150,165.9949114057559
241,589,161.01010387411898
241,1,160.11220656633867
241,480,100.00542595662819
241,780,90.0392463106497
241,1196,86.47736250971911
242,356,252.32448471164105
242,260,182.7270032157987
242,296,170.73795471165096
242,2571,168.6164411786202
242,110,166.58426240557966
242,527,158.67065145742504
242,589,132.02022742691253
242,480,131.33554778439375
242,1196,122.87711640381127
242,2959,87.71368642809718
243,2571,224.5608999524653
243,260,202.5404088274931
243,110,190.47439069874628
243,480,185.087304257696
243,1196,178.81946004589483
243,318,143.05934945415106
243,593,128.8977537477146
243,296,118.29451920392067
243,2959,88.77984771657471
243,1,80.415665868433
244,260,226.30194521795357
244,480,210.13193638847738
244,780,191.64308874313187
244,296,138.55599072565107
244,593,118.73852451287628
244,2959,108.03800708218087
244,318,99.63049111487682
244,527,87.85580449109759
244,2858,79.52972166633404
244,1,52.40731829919978
245,318,245.46393115201005
245,356,231.943260615455
245,593,201.6076086902417
245,296,189.46783984809272
245,527,166.42131327330466
245,2571,146.12867778749526
245,260,139.75128799125252
245,480,121.21472261946685
245,110,117.03749289225209
245,589,93.17458854820916
246,318,110.00311734750144
246,1,108.26096735549766
246,110,103.31688509739188
246,480,101.50116497664148
246,593,97.1634384931781
246,527,96.14487777996123
246,150,91.71985909014877
246,858,79.11114619006855
246,2858,70.89519465220614
246,47,63.96974039428289
247,296,135.17141763233826
247,457,128.74367181853071
247,780,128.17993128244945
247,590,125.93428089728792
247,377,125.0644903292023
247,367,84.05012806641126
247,608,76.01460200041114
247,592,50.027617150401284
247,648,47.50229795081276
247,380,44.533119000318834
248,480,192.82918467815009
248,356,183.83354742246027
248,1,178.97657751398373
248,318,173.8433542147873
248,110,125.87132111397442
248,527,115.50270313931631
248,589,113.19163472799985
248,593,102.86051640784089
248,2959,83.72966548298598
248,296,80.08627000570316
249,2571,148.90253966307492
249,296,101.93992703267566
249,457,94.38451116320833
249,592,92.74579482407917
249,318,88.16373408206756
249,316,74.451275408074
249,1,61.56843995574607
249,367,54.411702077997376
249,590,49.80227556789849
249,595,43.127498332644905
250,356,270.024453657093
250,296,250.80237390523214
250,593,233.76643061881083
250,110,197.71282030485455
250,260,179.93011179994298
250,527,179.40607768403467
250,589,141.02850234949125
250,2571,119.38185701196308
250,480,105.48708289730041
250,1196,85.57391202492222
251,260,389.39897819517944
251,110,369.08424519098156
251,150,316.5506611496225
251,2858,306.0509045404964
251,589,288.0180693293442
251,480,282.2882187627569
251,1196,232.9044790110035
251,1,213.5380547625412
251,780,193.9666055309715
251,1210,177.17239871457724
252,356,250.2019720254207
252,260,228.21318288716625
252,318,217.5762264537914
252,296,193.00466706628498
252,110,177.8752849407374
252,2571,177.71128335567235
252,593,147.63114200380465
252,480,145.5957682466245
252,527,145.42109995938102
252,589,139.31055052351363
253,356,190.2505260176616
253,318,185.1570864295604
253,296,173.45869539624724
253,2571,156.19415695533004
253,593,156.06992303821733
253,260,139.52071617270633
253,527,126.40373932020907
253,110,114.34958655883511
253,480,101.80796233100271
253,589,90.81585008649417
254,1198,179.19386633457955
254,4993,164.96660877741127
254,377,136.88033520442758
254,608,127.80768241559463
254,588,102.07886921823601
254,380,96.69811877163839
254,364,91.83918868310724
254,367,86.81885835729013
254,1291,83.51731929218072
254,1265,65.74965122138272
255,356,279.1057575318407
255,296,228.57013324920916
255,318,224.76019044457618
255,593,199.51361542626455
255,260,192.65651955513678
255,2571,191.41567057803223
255,527,159.93333985276587
255,480,157.76838473423751
255,110,106.14111533083083
255,589,73.2817334029795
256,356,159.6372157269969
256,296,132.79672348452644
256,589,132.14534489253964
256,480,124.89121364097014
256,110,101.04985236525782
256,2959,96.84471353860228
256,150,95.89806816365272
256,527,83.77793042792771
256,1,63.41607605026233
256,2858,60.547927063279445
257,356,204.8779284569287
257,296,141.01526477061523
257,2571,128.3788497047801
257,260,126.14235549941593
257,480,116.54039116527585
257,318,116.08610897039054
257,589,108.68408476485173
257,593,106.27367589383437
257,527,103.25227138890554
257,110,101.92260351776758
258,356,388.3534519143909
258,260,323.1956602705848
258,527,254.19183759590248
258,1196,251.0449808914059
258,296,239.19925498782612
258,593,202.33183186231383
258,110,193.20385200743442
258,589,174.0547694093616
258,480,145.58212002694341
258,2959,86.75877402483856
259,356,200.8928628723676
259,318,187.41875738601564
259,296,159.34564515463546
259,593,142.1166994339806
259,260,141.131298170187
259,527,124.52229304291208
259,110,119.26508725261863
259,589,91.51129907920269
259,2571,91.4020791744725
259,480,83.86990079291628
260,318,131.78219517972897
260,356,126.68005331910408
260,593,108.42002564076148
260,110,102.71311034530511
260,260,96.87141761013774
260,527,78.21854665900489
260,2571,77.08962733694227
260,589,72.91434353474867
260,480,67.50538487127221
260,1196,64.93175141667325
261,260,193.2626914531711
261,110,182.0355937907191
261,593,165.2262358595091
261,2571,141.86330081970607
261,589,139.3606424828784
261,527,134.40041731178346
261,1,131.4627570453328
261,2959,122.59065117364814
261,480,89.56010490088451
261,1196,88.69491349949712
262,356,167.5106446544902
262,296,134.27328937032908
262,110,106.21194997033702
262,527,97.82058230141494
262,2959,97.60191303917371
262,589,96.53955476625849
262,480,74.36109291750627
262,2571,70.23518857385257
262,1,57.60878274971388
262,1196,53.175061948765226
263,260,152.6103018398237
263,589,138.4230717899122
263,527,137.7204166031614
263,858,127.88324398864985
263,1198,123.18799902431346
263,47,122.65518716805705
263,480,116.20138844706838
263,780,104.6449802766988
263,50,98.20395452609432
263,2959,95.93523508322538
264,318,313.69923945045156
264,260,297.40494932775425
264,4993,245.15813390531093
264,593,239.8864111163693
264,589,238.93653213716078
264,296,202.1295180757615
264,858,195.1511803344785
264,2858,170.49642521479385
264,47,117.69162895157773
264,2959,98.90468164417057
265,356,160.45804221395306
265,318,159.3737302066404
265,296,148.02848161565922
265,589,117.56495729828839
265,527,105.8889868491577
265,4993,103.30798536626241
265,2959,101.9929679242933
265,47,98.32548778850358
265,1210,66.00830532435269
265,1,58.17884152774254
266,318,121.10990814317101
266,593,106.46113683362735
266,780,101.07606506095837
266,4993,89.7203895547154
266,858,81.48260256444543
266,527,81.44488770534439
266,47,80.71690107356667
266,150,79.36686454031249
266,2858,78.18604778722445
266,592,71.51291258333521
267,296,199.03690045181423
267,318,196.06763705387255
267,356,181.72626711892894
267,260,180.7884402656878
267,589,171.17588521373298
267,780,170.9782435405857
267,110,167.82114517375274
267,527,130.8150590752833
267,2959,103.33609125503894
267,1,88.78511300554786
268,318,207.77955105335766
268,296,196.3652665023401
268,593,170.44966560987308
268,110,149.43823814196057
268,589,134.54809894633445
268,527,130.52927784539784
268,780,113.43631441054666
268,1,105.95732133097735
268,480,104.42498814497326
268,2959,82.65691385514373
269,260,142.6798088380017
269,2571,140.5275342229328
269,296,130.75331084262484
269,589,126.17691401107766
269,110,119.21402663212075
269,593,118.12045886999854
269,480,115.82542859780789
269,318,101.00249504692538
269,356,99.42751403631263
269,527,57.13842441414201
270,356,127.64919820402255
270,2571,89.49015937006504
270,318,89.1750468546948
270,260,86.85785695442226
270,296,82.82699267181822
270,593,81.12007284053588
270,589,80.07397873099234
270,110,78.3049426828862
270,480,77.40270413633348
270,527,67.81726866278743
271,356,208.8047731187787
271,296,192.9366494110543
271,318,181.29005788123897
271,593,161.20327728208156
271,2571,141.7827308679101
271,260,141.01696671705096
271,527,129.13530412251424
271,589,122.38944123167718
271,110,119.55716265537858
271,480,96.61062170507195
272,2571,229.46277761514202
272,260,214.1469233594141
272,110,196.46595852488505
272,480,193.51758008851218
272,356,187.45712134512954
272,589,179.77098357823758
272,1196,179.76040614857055
272,296,135.19122772981873
272,593,133.62479078530305
272,527,105.60496747532943
273,356,182.1986132534624
273,318,163.10982244126197
273,260,126.03053022878153
273,2571,125.53704171800314
273,110,116.71100767831017
273,527,116.165441716907
273,1196,102.52356575015592
273,2858,100.08525028986966
273,2959,83.1901674121955
273,780,77.560770922888
274,260,99.76986294151185
274,780,88.98283224586014
274,2028,69.17148213605014
274,527,55.32777174736803
274,150,52.019574063747
274,1136,49.514377340315406
274,608,49.17389404401519
274,1682,45.36375939659551
274,597,41.31973197525352
274,4886,34.31627407521648
275,296,188.52137610917268
275,260,159.27336619901462
275,110,144.35017019507134
275,150,122.61400564661443
275,2858,121.37509260831938
275,589,111.58015987807646
275,47,103.07323282096036
275,1196,101.40537604544636
275,780,80.09776055564154
275,592,57.6421566961795
276,318,156.3434155776179
276,2571,128.89580789524337
276,593,107.90505743649857
276,296,100.84651347351716
276,110,95.55234004751613
276,589,92.74463057301712
276,527,92.34738476114798
276,150,81.25206805224875
276,2959,70.57780676532771
276,2858,65.85644267240528
277,2571,157.98632462349104
277,356,134.14486952106472
277,480,130.21529099826802
277,1196,124.28050427360941
277,589,121.57541387042085
277,110,120.61723129865813
277,296,108.3681061594877
277,318,74.49423773488898
277,593,65.65225986484073
277,527,58.80893698663486
278,356,259.2167745862161
278,296,199.52133015913535
278,593,162.74548377515882
278,260,155.01877107249004
278,110,134.524265035696
278,2571,109.86607175645409
278,589,107.7482990986514
278,2959,96.68425044989013
278,480,91.29778823359172
278,1196,86.48313407072907
279,150,143.16339925749566
279,50,124.63923717456379
279,296,123.08396892464289
279,2028,118.97259976259431
279,457,115.2205509210577
279,527,107.36808356106044
279,592,103.03715765058627
279,47,67.19866777551054
279,364,47.26293716648601
279,32,45.11789376106029
280,318,153.76509181230665
280,296,145.0267916292097
280,593,128.31124811408765
280,260,120.37784480328276
280,110,113.93710737256897
280,2571,105.47303949094078
280,527,103.92150673702966
280,589,88.41886378891878
280,1196,85.79378536326199
280,480,83.50937481439226
281,296,199.346111024934
281,356,147.34253056468938
281,260,127.49970692288173
281,318,125.15464548407293
281,110,118.8154542632998
281,589,113.24749318105565
281,593,97.31489434147254
281,2571,86.40880439838537
281,527,76.26311386006499
281,480,63.58102625541148
282,593,128.17302004837333
282,260,110.12144974418699
282,110,110.09019859513695
282,4993,92.93470719447318
282,47,90.34554408489315
282,480,89.93513116472315
282,1198,89.78370452116145
282,1196,81.41781056542243
282,1210,79.18536046098744
282,1,63.75854626039418
283,296,103.38071974508708
283,260,90.35534217831818
283,589,85.90523991272303
283,2858,83.36933824541579
283,527,82.08471313470983
283,2571,81.0662767641081
283,780,78.7590448340958
283,1196,67.55150575632805
283,480,66.52229109844696
283,2959,64.12615369092865
284,780,73.13446412688765
284,2571,72.88410453127977
284,2959,70.18669515109781
284,2858,68.29027604470308
284,593,66.68789506641578
284,260,65.05926348973219
284,1196,57.43971010805185
284,1,57.40226054226834
284,527,54.01168360751031
284,1210,53.922993162660916
285,356,402.1486702821125
285,318,373.22516100910815
285,593,311.06258304382027
285,260,292.11620473815685
285,2571,281.28528542480234
285,527,251.9349846140032
285,110,231.78782788604684
285,480,190.82144821616436
285,1196,183.5345267853762
285,589,183.37058558309076
286,318,203.67982248730237
286,296,166.4687901103547
286,260,152.6957211099521
286,589,145.8122335562181
286,480,120.69707207648418
286,1196,120.30380941145762
286,780,119.2684416872838
286,1210,117.11178556705556
286,2858,111.99341312586513
286,1,69.15981036036987
287,356,151.98650792982838
287,318,130.58760528017933
287,296,117.99975472206484
287,593,108.04660378655353
287,110,92.71904903799711
287,260,82.36986360503595
287,2571,76.93619177902477
287,589,76.76702540398435
287,1196,62.1700244550981
287,480,62.055085103944954
288,356,122.92460883281014
288,858,74.49671702543243
288,50,71.31674288891759
288,2858,68.52300437538125
288,457,64.88035315973349
288,4226,55.090162833740514
288,1036,54.737997672511604
288,595,48.1603198282033
288,316,47.2431791968306
288,165,45.607511955065284
289,356,155.60962601034845
289,318,120.15315429871558
289,296,110.29174606472763
289,593,97.4109582031536
289,2571,96.02491984222746
289,527,86.56470277770453
289,260,83.27161017568163
289,110,82.89843646752418
289,480,79.14553940121091
289,589,68.40526681356978
290,356,218.96423450505637
290,2571,139.65889673837816
290,110,138.8332465966449
290,4993,117.94148400073233
290,589,109.52009814137337
290,47,96.5048255795624
290,480,91.07655474641578
290,1196,86.62409947794032
290,780,85.92840917280132
290,1210,71.40576615213126
291,356,424.99268313443247
291,260,414.24306476488545
291,2571,382.28702688482986
291,480,373.4078295713378
291,318,312.07891966675595
291,589,294.1818136574667
291,110,243.44401251954102
291,527,213.8507398435204
291,593,210.61501785481423
291,296,162.43019462980342
292,1196,139.69733139433467
292,50,118.22732152076658
292,7153,110.15013925201902
292,3578,106.19670305420024
292,380,99.83006301174916
292,1270,85.03206716742235
292,150,84.60702372909708
292,527,78.97334825583295
292,47,65.73680928676389
292,2858,61.254629457042
293,296,296.74579433870025
293,356,219.09139962662448
293,589,210.82834567018548
293,318,204.1639931570416
293,260,161.45554706259685
293,2571,160.31592218187197
293,110,148.87742797605412
293,480,134.18953737408668
293,527,123.7569965639344
293,1196,122.74187792049572
294,2571,104.64957142571807
294,480,87.22285824597392
294,110,86.83657114675891
294,318,86.63861585843202
294,589,85.85121039446271
294,780,82.53254678671524
294,593,69.67080326873496
294,2959,62.405721370965814
294,1,61.37320764005821
294,527,56.427592730049795
295,356,248.40717069678013
295,589,212.7503449071538
295,593,193.33588196171223
295,260,178.74753853365627
295,110,154.59016968675598
295,2571,153.81329718203182
295,527,152.11042181097966
295,480,127.7467107935019
295,1196,104.36653527164964
295,1,85.64032543576741
296,260,343.56908176073284
296,1196,282.4929506236284
296,480,267.68043948747743
296,593,254.03778410956264
296,150,216.9245627180419
296,589,212.26201780003217
296,780,210.89493364197773
296,2959,122.3055354942525
296,1,120.96541503564227
296,2858,115.03892927748632
297,2571,266.46478767726137
297,296,230.6493548915841
297,480,212.4875204112464
297,356,201.09351443325664
297,260,166.70723846356145
297,2959,164.9900494844908
297,110,155.16402334778385
297,318,139.2745783827399
297,1196,127.42642389685592
297,527,69.42488549038517
298,593,71.58469230860956
298,377,69.42472517609474
298,588,68.14919722797295
298,457,63.905304200885666
298,2028,62.03589582291595
298,527,57.958709920660255
298,150,56.93351411764166
298,364,47.42658989858617
298,2762,46.07412970917352
298,608,43.95013641699147
299,2571,299.1538709504697
299,260,250.32512906943288
299,480,246.56822957245745
299,589,230.20825225485362
299,356,227.11602766694628
299,110,226.55340032883333
299,593,171.7727846590325
299,318,156.9976782907906
299,296,141.03436520895983
299,527,105.17231939856784
300,296,518.7284504241316
300,260,439.3896704831982
300,110,416.67918181844425
300,2571,361.58152192439303
300,589,317.9322391873125
300,1,293.5902282078812
300,150,293.43228948595254
300,480,185.2048000610777
300,780,163.70520774195953
300,1196,133.17586515223383
301,318,241.45267141645323
301,260,218.42414161779843
301,593,195.6290119534011
301,527,166.25071495379044
301,2571,160.15449061953612
301,150,156.07209975253798
301,480,123.67023086093828
301,2959,104.242348491352
301,1196,102.27652451415534
301,1,95.50911512287422
302,356,437.8817850898019
302,318,434.33095867937544
302,2571,368.7534600501516
302,593,342.76113778074716
302,527,288.5724335632461
302,1196,272.03956270155413
302,150,266.44032236561554
302,2858,181.74963200889758
302,2959,137.5146025855346
302,1,90.36233884599793
303,356,344.16922894061497
303,780,276.2809903648272
303,318,227.54667557120374
303,110,212.30343553027
303,296,192.23453403457378
303,527,169.6578351822279
303,593,163.96011852131937
303,2959,128.73262359822863
303,1,112.8354393431458
303,2858,110.71047213231252
304,296,148.75221054852207
304,780,139.3911296537102
304,4993,132.18049763395496
304,858,115.73148668282661
304,5952,114.71767778016397
304,7153,110.39740721394534
304,50,98.11623946854546
304,592,93.41564109913121
304,47,88.98944172408333
304,2959,83.54475766972324
305,356,129.8279442168462
305,110,109.6591358100952
305,150,83.12119556732077
305,1580,69.93515195257278
305,344,63.841365722716084
305,588,63.766488240923024
305,1,63.23539074056136
305,364,60.1251272934773
305,4306,51.25828969875386
305,367,46.88954796644123
306,356,142.21494258275723
306,296,97.64943117725447
306,318,86.44831727379625
306,260,82.25544565966004
306,2571,75.01955668505708
306,593,70.91692467884302
306,589,70.20780270773406
306,480,66.43619765111198
306,110,63.297750953016916
306,527,57.43684808699683
307,296,98.4669577965214
307,110,65.89646844461016
307,1196,60.244877480519605
307,588,59.503898295857
307,380,55.56506275855025
307,2028,51.286424629234986
307,457,50.65450860369838
307,79132,46.20782818068951
307,316,40.35110919025772
307,1704,38.42540994605587
308,296,163.80781706826198
308,593,162.95990930844908
308,2571,142.29773248204327
308,1210,136.64458431232347
308,2858,131.2043226248242
308,150,128.73485930688182
308,480,126.77249597342274
308,780,109.17788496064382
308,1,104.0671793769249
308,2959,75.74358997576327
309,356,541.1063737949877
309,593,443.89065240131197
309,260,390.3593035945022
309,110,375.47053223717603
309,1196,238.06413004572912
309,480,226.74713514495602
309,1,213.25216131750707
309,589,201.3907380566434
309,780,125.84092027195787
309,2959,119.17728076666467
310,318,183.20518397768834
310,356,171.93525495425638
310,593,150.29035431390028
310,2571,150.1629770518378
310,296,147.1253208519335
310,480,123.76714124194443
310,527,121.72276630382005
310,110,119.49531456607157
310,260,110.987513082731
310,589,108.98415263664862
311,356,173.04405953585396
311,318,135.3404379917514
311,296,133.56167514871262
311,2571,128.86985890068877
311,593,122.60413734127621
311,260,115.72610442984116
311,110,109.03462668846076
311,527,106.05432824520447
311,480,92.07009033837177
311,1196,90.27027317617484
312,356,173.71426576987963
312,318,149.2391348449861
312,593,126.2786477434139
312,2571,125.94678320927008
312,296,124.34823622638352
312,4993,103.89745362973491
312,150,100.49401358103276
312,2858,95.56915383151865
312,2959,82.92147484516825
312,1,63.17109664421185
313,356,121.10297214821507
313,318,100.93927780916637
313,5952,90.83873733633871
313,110,89.9227662165113
313,1,80.38589715215221
313,150,73.55207563939928
313,2028,69.26556075456396
313,527,67.06474051049697
313,47,66.02040353027
313,588,56.10476733462501
314,2571,168.9851010358039
314,1196,129.75956118242033
314,1210,121.8150982528844
314,4993,118.88123712256403
314,1198,116.01719240848298
314,5952,108.48724917742183
314,2028,105.01852630897501
314,858,101.42966941414072
314,2959,78.33142414368673
314,2858,78.06070369197396
315,318,310.6614646588398
315,356,304.46589897875305
315,296,270.8996722488762
315,593,250.6712050292012
315,2571,232.0071165530116
315,527,207.6978758229039
315,260,199.6903858809095
315,480,178.40583197139705
315,110,162.1488653183831
315,589,107.41113572662904
316,296,130.5744350142938
316,356,118.52835267561089
316,593,100.06253080617775
316,589,94.98935984438236
316,480,91.56967823605312
316,318,84.64731066392547
316,260,82.14533032934509
316,1196,70.18339295068577
316,110,61.97904780816238
316,527,56.24024708518438
317,260,166.3409528919984
317,110,157.02677690387725
317,527,139.94980559838532
317,4993,120.30841780541778
317,47,117.3211452187341
317,780,107.8472765002525
317,480,95.794342856095
317,1210,76.99694188807877
317,1196,76.36192858388945
317,1,58.494880896805086
318,356,106.16819689056186
318,110,76.64753607029101
318,589,70.49585593651561
318,2959,65.69364357902245
318,50,65.40419255969877
318,858,64.05642543803272
318,150,63.48292965813456
318,1198,60.361581282568935
318,1,58.53529555986691
318,592,54.571586344644786
319,296,353.79914732095756
319,260,323.7761049149684
319,593,264.93163252828344
319,480,260.9796404693091
319,589,257.3608792877632
319,1196,247.70311940224275
319,2858,231.37102422201934
319,150,226.7132239674808
319,780,222.35269892555257
319,1,115.47903153671068
320,356,263.9514143989454
320,2571,253.72520256254884
320,260,205.19469906651935
320,110,202.6048331134805
320,589,196.13953487980336
320,480,195.02739415781792
320,318,190.14867235142862
320,593,150.60222708502255
320,296,136.45102994534884
320,527,117.38365078009542
321,356,163.69220093879787
321,2571,121.15311073208959
321,318,114.25380850312756
321,296,97.66250696044365
321,260,95.41578521073052
321,110,89.22682657768188
321,1196,84.2409635193837
321,527,80.37580129619916
321,2959,76.74677951534592
321,1,61.39260623792703
322,356,293.7756292543865
322,593,244.15329855212744
322,260,214.18818639330007
322,527,194.46273965850128
322,1198,168.92599844077426
322,589,151.2225810699824
322,1,134.77769496554694
322,1196,112.22809621993035
322,1210,98.58050733035687
322,592,74.9836310751387
323,260,148.31662962630116
323,589,127.12526440156554
323,4993,122.57630821378275
323,780,113.77080037132808
323,1210,101.95612351622506
323,593,100.84189706003498
323,858,81.51340891078878
323,2959,79.73745811132436
323,2858,73.9472427797141
323,47,67.29852117731473
324,356,160.36464831153896
324,318,126.43112670937278
324,296,117.94163432868994
324,593,114.0148413385509
324,110,92.57329955669329
324,527,84.00169774588835
324,260,82.1336073057698
324,589,78.22363109964462
324,2571,64.81908160364166
324,480,56.80941499126742
325,260,88.331810526337
325,2571,85.78097912802623
325,589,82.46494052662223
325,780,79.87795097852549
325,110,78.69460074642387
325,2959,78.66779247641722
325,480,70.70229139067787
325,527,69.12405575385202
325,2858,68.91760515596258
325,1,59.531966413315345
326,260,239.4448908396149
326,150,198.45171063187203
326,2571,183.32756568052912
326,589,162.16244903083742
326,2959,143.52561331009235
326,480,103.42379706507172
326,1,100.9252723461268
326,780,94.59327774973806
326,1196,88.74174409635962
326,1210,83.30857609046005
327,356,121.52830247491123
327,296,91.17079412605558
327,2571,73.8928766898853
327,589,73.19912236372517
327,260,72.69902244501826
327,593,69.85185999590719
327,480,60.9038944592414
327,1196,56.57423371569343
327,527,56.57423371569343
327,110,52.993465914153695
328,593,183.7764959321179
328,4993,142.22227518102076
328,1198,141.23187467129137
328,589,127.60267502754277
328,2858,118.79813492906013
328,5952,118.3506197325867
328,3578,116.32640765826957
328,377,108.09256673223993
328,780,103.54311046044194
328,32,61.55462346758702
329,356,391.6194276184589
329,296,383.807657865182
329,2571,294.59515813110124
329,527,279.8108461529452
329,260,276.74520448634024
329,110,256.4402493268014
329,480,209.43857766198002
329,1196,181.81037703455848
329,2959,165.74681495595954
329,589,156.22714916977017
330,589,119.84716210949294
330,527,105.06921239596574
330,1198,100.70463006053497
330,5952,79.52531191751638
330,1036,75.07300152944362
330,367,58.479672500299856
330,6539,56.908837611017105
330,1704,54.905242415749974
330,165,38.51901638317603
330,10,36.76779831046
331,356,171.85603133639682
331,2571,149.50484957819887
331,260,129.21350372722142
331,110,123.16832809573818
331,780,116.92366053689625
331,480,116.24233329346359
331,589,115.04865377697335
331,1196,105.3027222134929
331,527,93.84411723367661
331,1,76.61077378677123
332,260,158.8352899110811
332,1198,133.98128818977747
332,858,125.54301189437142
332,457,112.46903920504542
332,592,94.50723517509843
332,1,77.03133054754127
332,364,73.40776867588588
332,588,70.0325687303842
332,380,63.96707102436132
332,648,62.400602594581734
333,296,132.15976602092218
333,356,125.85040446888094
333,589,100.83769772965884
333,318,88.38849437918743
333,2571,88.09223656646574
333,260,79.6914764295338
333,593,76.848109567621
333,110,73.72596465145354
333,480,72.01934509933656
333,527,57.43684808699683
334,593,127.00310006484344
334,527,123.33676913491969
334,2858,114.8885489177877
334,2571,110.12998330806063
334,110,106.46931492759138
334,150,95.67435672544207
334,858,87.87065398019584
334,50,81.08317437038417
334,780,70.65367156746663
334,592,52.14748041256849
335,356,367.87936688604947
335,260,282.7906420949458
335,480,261.6045781450309
335,1210,225.21995806215153
335,4993,222.25110448044632
335,150,217.8713866583677
335,527,214.29412569954147
335,2959,170.5922981919036
335,2858,166.84997240956704
335,1,114.89272667081148
336,2571,236.40595225157077
336,260,205.008286718159
336,4993,175.4700055630821
336,1198,167.14639592786838
336,457,156.06486691607603
336,780,92.50855712093957
336,1196,91.4876002840038
336,1210,85.88631863396274
336,592,76.27058863041654
336,480,68.95798716075201
337,356,139.81658944861258
337,296,128.70210892227433
337,593,114.55598491961574
337,589,94.82251515098851
337,2959,92.06428229476558
337,527,90.61818964673448
337,2858,87.6815899931977
337,2571,85.94689789615947
337,480,73.19587096139881
337,1196,58.06333740214953
338,356,286.027985389379
338,260,217.99361576252448
338,110,212.10189641759138
338,2858,173.4844584013524
338,2571,170.57111166629517
338,589,156.25781514272217
338,480,155.20820230739622
338,780,132.60608126403991
338,1196,120.04518021989756
338,1,82.03904058900733
339,356,219.9151230567592
339,260,165.47393010550996
339,110,164.04480828866193
339,2571,133.32854341067937
339,589,124.5499661311474
339,480,108.0006952209995
339,780,98.54729672098277
339,1196,90.93127292158643
339,1210,86.75459283147917
339,1,81.56292796505414
340,2571,346.3784157360435
340,260,311.10067316335704
340,593,274.3696439050731
340,1196,260.2368431115921
340,1210,257.8492065858455
340,589,252.4386700363639
340,527,233.443487771474
340,2959,155.7585289345362
340,2858,141.10568098604637
340,1,66.39758115577828
341,2571,106.36186492208529
341,589,102.00908919229782
341,296,101.40618260549502
341,260,98.74961270069079
341,110,96.97639246147097
341,318,86.47928303338908
341,1196,86.17304586862416
341,2959,78.76241599441417
341,593,71.20770730613805
341,527,67.03412940607704
342,356,132.39076416098212
342,296,102.93543271718444
342,318,96.98586579135814
342,2571,91.58105611924196
342,593,85.47324725860481
342,589,82.50471630406024
342,260,80.28478578030901
342,480,75.48282359828146
342,110,71.01337969807918
342,527,65.11703089204511
343,356,299.3851168185279
343,480,199.89819376308475
343,589,196.05011324539453
343,780,186.82022312452472
343,150,186.73512371053943
343,1210,183.17575633181227
343,110,182.53034187323127
343,2858,141.43468004221913
343,47,130.03602065293396
343,1,125.80088466837046
344,480,158.4567298623778
344,296,154.28865437799456
344,1196,153.46732686083044
344,589,150.4789334313985
344,780,147.59422839486072
344,593,146.0113551154899
344,150,124.31452922487817
344,527,117.52100764519855
344,1,101.57766001718323
344,2959,93.06451394752173
345,356,182.86070664129142
345,318,147.2500874410124
345,296,137.0802978236369
345,593,125.31353535562572
345,2571,114.90967950463066
345,260,113.3573816690016
345,527,97.8339564014862
345,110,94.92869468447263
345,480,88.21932370563437
345,589,80.93799473795768
346,356,214.34077714638116
346,318,205.1656602511011
346,110,176.80176254025653
346,593,175.83209515059065
346,260,171.2354139599754
346,1,143.42296996984453
346,2571,139.96480501517198
346,589,132.21625893549245
346,1196,94.60739356476552
346,780,74.45901081101525
347,2571,176.61614360429095
347,318,164.8288361335255
347,260,162.5259074117128
347,593,143.20301046989263
347,1196,138.28175933457229
347,1210,129.3638689121533
347,296,117.79329794823198
347,527,113.54423183669502
347,2858,75.62834276421705
347,2959,73.125116866534
348,356,436.04061189737337
348,2571,399.46190378365765
348,110,296.90660519039324
348,589,273.9028371384686
348,150,264.5597482461586
348,47,248.6353372405061
348,480,234.5144486911365
348,1,207.0882344530776
348,780,160.26959874699685
348,1210,141.20116594880835
349,318,216.6672359384086
349,2571,185.90054125802575
349,110,156.55479246180494
349,260,151.86694219823642
349,1196,131.9960227897029
349,2858,131.07686889718545
349,780,130.63807297381442
349,150,116.17632784497516
349,2959,110.18869213152202
349,1,78.9560271511285
350,356,175.95491912887852
350,589,115.52982063662645
350,2571,113.2567093173108
350,318,109.68632582273044
350,296,99.34234654000545
350,480,89.92992102201492
350,593,88.34868579856257
350,1196,81.79174870256227
350,110,80.30750655627055
350,527,67.47709782902822
351,318,203.2330361606272
351,110,148.80791800235752
351,527,135.02940707621332
351,589,131.56250426159647
351,2858,127.451226066834
351,150,126.7623005205268
351,260,120.5694061760421
351,780,86.26717607334741
351,1196,83.35849351650698
351,1,64.85138059800684
352,110,156.45738506281452
352,589,156.07210194835204
352,480,153.21212397933388
352,150,147.21248092393748
352,780,137.49513957350194
352,858,113.17958066264245
352,1210,105.99670378954372
352,2959,101.41791446173379
352,592,92.03641397813506
352,1,55.36111745070079
353,2571,112.39094434490104
353,356,106.32915983298881
353,260,97.57226779883067
353,589,97.33114486984314
353,780,90.0035661218839
353,1196,87.99095285081182
353,480,84.94405571827016
353,2959,75.61567978714709
353,527,64.06089190526103
353,2858,61.64385809995928
354,589,135.2456863291292
354,593,126.90390447005423
354,110,126.09203598542845
354,50,106.75561269729819
354,4993,105.9016837314026
354,1198,105.66045608038218
354,5952,96.04883330595449
354,7153,91.43424059869733
354,1,59.32099102242543
354,364,54.85731373719413
355,356,281.01342528238996
355,260,223.61897674296975
355,318,204.36560839076122
355,2571,191.41553187128127
355,296,182.34953680750831
355,1196,179.70948004480726
355,593,167.62180531360045
355,527,156.1762373162872
355,110,149.59718100951642
355,589,142.97202543146076
356,296,121.38695428612571
356,593,91.98050661302887
356,780,87.8350050086329
356,260,86.72297877233913
356,589,85.83698913515607
356,110,80.70904111462696
356,527,74.49660866179197
356,480,68.4603475410966
356,1196,61.74168455510902
356,1,58.086731437512924
357,593,112.80947495553359
357,858,92.95246674689719
357,4993,87.99779696167704
357,589,86.97654467104753
357,110,85.33435236238314
357,2571,85.22090783649438
357,480,73.26352181653162
357,47,68.56961274703485
357,457,65.60734668450016
357,1,61.87260277849421
358,356,240.84112460229352
358,318,142.09858728439266
358,296,123.87620272332212
358,593,113.67002323744727
358,527,110.90214318702684
358,589,109.7359220374475
358,260,106.0310596097214
358,110,104.0450672997587
358,480,86.45266700466158
358,2571,75.45646720745496
359,356,308.81353763699263
359,318,299.34383063259133
359,260,237.39178219982568
359,110,224.8214776416989
359,589,213.70164971823618
359,4993,209.78326991989766
359,1196,177.4961078678378
359,47,173.03753872665376
359,1210,166.62899922286815
359,2959,99.89893079337791
360,593,171.7133072527504
360,2571,159.2317852156559
360,296,158.25256528672483
360,318,155.51179992558474
360,480,134.25795630764543
360,356,131.86806207299878
360,589,128.2193071907593
360,110,116.90331346503861
360,260,113.74364859479212
360,527,68.75007250231384
361,2571,180.52613476040153
361,296,153.40140823230362
361,110,147.82861397203942
361,1198,123.69277075826746
361,1196,114.59246816249139
361,480,113.33080277412847
361,50,112.75170433245427
361,47,98.69541914101964
361,2959,78.07587521762696
361,1,66.90268299141472
362,356,160.897727934323
362,480,115.84131213322624
362,527,105.16806942799313
362,457,101.31396606673877
362,780,97.8107365254494
362,2858,92.51536423519876
362,150,92.07321168633263
362,1198,92.02484993393382
362,1,82.14687730361376
362,1210,69.06577338819156
363,356,377.5585426910852
363,110,284.258735968665
363,593,275.61197676234474
363,589,237.83138007937546
363,527,212.32622517269223
363,1,194.5546292492829
363,2858,194.22857810120004
363,480,169.51950949531334
363,780,159.22560719171645
363,2959,86.26032461039964
364,2571,214.199515829528
364,356,207.3021868398456
364,1196,185.20902518623626
364,480,181.98428154048997
364,593,174.42658253047554
364,318,172.26376641817777
364,296,168.59660879471696
364,110,166.13647813212447
364,589,161.61105906325403
364,527,117.44748819589182
365,296,91.42996585439556
365,780,76.05160953912376
365,589,74.56262254040755
365,2571,72.31885264439504
365,2959,65.78652967182627
365,110,61.58801489544075
365,480,60.71139163936081
365,1,58.88321826047691
365,527,56.65356561428938
365,150,52.945022176460455
366,356,484.0882299651777
366,2571,426.2197807093483
366,296,375.43274373513265
366,260,330.80084033224165
366,318,330.78184308143585
366,480,325.71099803872823
366,593,261.3695452340443
366,527,221.0352755982521
366,1196,202.9709015652212
366,1,84.01065576986898
367,296,89.98555808924579
367,2571,75.59913799390982
367,2858,69.68364233546784
367,110,67.75760452873678
367,260,67.17185878894573
367,780,65.62340894635491
367,589,65.4708003550995
367,2959,64.36923133391304
367,480,62.43720468657411
367,1210,55.673973050297356
368,2571,223.90320393378983
368,260,190.26634232127546
368,4993,155.84402005106378
368,5952,141.50822565113043
368,318,104.26425662364885
368,2959,83.78823890686785
368,150,63.8268389921825
368,588,55.739966852193994
368,1,54.15144056491796
368,364,49.152111693069756
369,356,144.0544264148031
369,296,127.40419645488379
369,318,121.72262139685607
369,593,102.06765086334578
369,780,100.91811704932347
369,589,100.51850275627899
369,480,93.48584013240577
369,110,92.45408154514584
369,527,82.66636185626352
369,1,58.91862763588071
370,356,188.37949364389746
370,480,155.48434214930904
370,780,144.7676410931072
370,110,128.55642574850688
370,150,109.95816374264807
370,858,109.89853237220585
370,457,103.1761096146931
370,527,98.13442725318885
370,1,78.14617526889407
370,588,69.90736343056284
371,356,318.8383971696678
371,260,237.83618153039347
371,480,198.2015676699483
371,589,187.76280781810362
371,318,186.00790519005707
371,1196,174.3941941594551
371,296,172.7666644816123
371,593,156.68135775445245
371,527,152.97390692418787
371,110,143.8332330861108
372,356,216.3925042045041
372,318,208.89919375576045
372,2571,177.4027434187638
372,480,139.42864880097235
372,4993,133.23476045398715
372,780,129.3848905776415
372,2028,121.92645283700396
372,5952,120.7095517099403
372,2858,115.68933757516594
372,2959,92.6742015262777
373,2571,99.36150617485046
373,260,87.4816973254408
373,4993,81.29190864402752
373,2959,80.55250660108705
373,858,79.77555129276745
373,2858,74.97126433368315
373,1196,68.67451977160675
373,780,67.33232365682292
373,1210,64.46995733661042
373,1,57.43267025500712
374,356,329.4064261295692
374,2571,302.72401051249716
374,589,238.16865446691358
374,260,219.64844609023328
374,593,217.265008396735
374,1196,182.68866791020287
374,527,180.2921510508534
374,2959,170.6522540774585
374,2858,132.44620668345624
374,1,87.71837012415472
375,2571,241.32462557677445
375,110,215.03477545456374
375,260,211.0484118994043
375,593,204.11915163946125
375,589,194.5880511729549
375,480,191.1527428385831
375,527,179.70441588182928
375,296,155.7710868366927
375,2959,89.79911554374179
375,1,81.93686896435426
376,318,298.7110365370784
376,593,223.13774097916965
376,296,209.70178289108756
376,588,168.6055314743336
376,2858,167.61111331283843
376,2959,157.31999565968087
376,50,127.81404037793307
376,592,125.14018649238517
376,47,119.57488630926163
376,1,71.40587824081913
377,2571,138.35781646465358
377,260,123.76615563797893
377,356,118.14599561103405
377,589,116.53945031029131
377,296,114.33176223616321
377,480,111.2196850906498
377,318,102.9909155570775
377,593,91.95703419341743
377,110,75.8382064655373
377,527,68.81615031132088
378,356,457.00779366960313
378,2571,395.44021520931
378,296,341.37361007848307
378,110,334.622655703845
378,589,328.3848494097345
378,593,322.6996960864991
378,260,308.3605254960149
378,480,267.6824415600355
378,780,230.6237450157262
378,1196,216.50374913656313
379,2571,286.7241669778644
379,260,250.07807573498084
379,593,231.80193226186142
379,4993,207.73508694788129
379,2858,179.00022126148042
379,780,170.5051712894777
379,1196,170.33213573338705
379,1210,159.9036376272613
379,2959,110.926957040673
379,1,80.63022941775745
380,480,148.77154017066255
380,316,90.58498357997885
380,150,69.83486192701533
380,527,61.92426019256618
380,4306,61.66453941533292
380,2858,58.45601052638668
380,590,54.109526461115465
380,608,53.22493728977248
380,595,50.83842171795295
380,1291,50.253182635381464
381,296,96.53488745849074
381,480,93.88855214323672
381,1210,93.76310497915627
381,110,87.80685801141865
381,589,86.75170622608087
381,593,79.8336294449987
381,527,70.576898196831
381,858,68.27586053784783
381,2959,67.75004113180968
381,2858,65.70168955840862
382,260,144.06103988776343
382,110,134.54776160916083
382,480,128.78750908143158
382,589,125.14288306794545
382,780,119.42569551661798
382,457,105.27116533309342
382,592,104.98318275832338
382,2858,63.168342225513136
382,47,59.60164188324448
382,364,51.25235703018089
383,356,300.0815091258776
383,318,264.70518978812106
383,593,213.74482492038965
383,296,204.49179061041545
383,2571,204.06038686288218
383,260,194.49399541098853
383,110,186.19986855945146
383,527,171.71541937186376
383,589,161.95989504579154
383,480,159.69727679144654
384,356,168.4102374686984
384,318,157.1478134090941
384,2571,138.02056175456872
384,593,129.17025938403322
384,260,118.2936133538271
384,110,117.19710907684762
384,589,113.21328703920898
384,527,104.41007263790661
384,2959,91.75392005274486
384,1196,85.97326205534092
385,2571,169.51577901822023
385,110,140.2650352803413
385,527,136.1653442035316
385,150,121.22264352960937
385,4993,118.21363158585697
385,2858,114.99916864594643
385,589,114.9116676971687
385,5952,104.9507360208484
385,47,99.80408141385989
385,2959,81.74398475708239
386,2571,214.24569748520472
386,260,185.79119078795097
386,1196,164.03186213710987
386,356,156.4064402343795
386,1210,153.9890950674909
386,2959,117.47662130086282
386,527,91.72879281661424
386,2858,88.67134742763218
386,150,82.65124379712637
386,1,63.97478785896727
387,593,97.46282415416778
387,589,77.87605053119051
387,527,75.29395080263028
387,150,69.0714077058356
387,2028,65.12000274853413
387,5952,64.30804621323479
387,7153,62.220830867541196
387,457,58.37371703790555
387,1,56.36208738430876
387,377,54.25314492436439
388,260,147.3398543852105
388,356,114.41489329258106
388,318,93.82679688418223
388,296,77.00600202760604
388,2571,71.89778633667842
388,593,67.96587614639132
388,480,60.466581341282605
388,110,58.428693187400235
388,527,55.47627007949447
388,589,53.28913221258262
389,2571,131.2720302418053
389,356,120.66006775380696
389,480,108.8556030139699
389,589,108.7633906078122
389,110,105.69299406578669
389,1196,99.83296081807376
389,318,95.14627149179437
389,296,93.2523144036716
389,593,78.87032753023331
389,527,66.2068322708273
390,356,200.67804689435962
390,318,197.38189238047428
390,296,182.27106753350802
390,593,149.1167008146477
390,260,136.65821584508492
390,589,115.17823045158093
390,1196,88.78101867283223
390,1,81.42750222090118
390,480,61.70322809724056
390,780,58.712408870339374
391,593,137.5915065914166
391,1198,98.6696872786885
391,589,98.37148125881525
391,5952,89.96970632913906
391,7153,87.58581363648658
391,1,82.5471680365143
391,590,81.39181796172312
391,588,73.68984462178182
391,364,72.47234794158278
391,367,50.847998714027504
392,356,228.69215343400137
392,296,129.38049834436674
392,318,114.18604335537881
392,593,105.33023699611843
392,260,96.31440893349335
392,110,94.0137652527338
392,527,85.30878698859179
392,589,84.8164218749512
392,2571,78.21278506295972
392,480,67.16737826981011
393,296,203.96386788638864
393,260,187.05630470568062
393,480,181.94385051583015
393,780,180.53259009171242
393,356,175.91042998694874
393,1196,153.72598231272042
393,593,118.42794873097591
393,318,109.43131644579346
393,527,72.0321953623538
393,1,66.29180220925261
394,2571,312.90723310843197
394,260,311.9843542252932
394,318,297.348761004299
394,593,243.9267802136961
394,589,242.54370281633032
394,527,228.25098491950635
394,296,227.60951141977793
394,1196,212.2034706964742
394,2959,148.80668305297962
394,1,83.05660565443293
395,260,138.53490636707483
395,356,137.3177186640213
395,318,133.38435476842596
395,1196,122.31009751327328
395,2571,115.26530333271683
395,593,107.97284601058148
395,1,102.69344795216159
395,780,98.32101916976532
395,2959,59.92033025536782
395,2858,58.54998963634491
396,318,170.08887993834503
396,260,167.4047786300026
396,356,167.36468019960247
396,296,159.19650019998534
396,2571,114.5422343089632
396,110,112.20051233408688
396,589,103.80130900873732
396,593,98.79352957160002
396,480,96.23754882395775
396,527,93.11084596816414
397,356,289.2513041956905
397,318,254.92692865041667
397,593,235.72289818217502
397,296,231.9230231200324
397,260,199.31205400564647
397,110,176.05760303332798
397,527,165.90114062600858
397,2571,153.49082294579648
397,480,121.10345962248543
397,589,95.98046407744094
398,356,242.34481922335945
398,318,240.65802954432377
398,296,220.43513772479938
398,593,198.50926755345216
398,110,177.18182558489943
398,260,175.89792871090089
398,527,161.01554090772356
398,2571,141.9461955055587
398,480,119.50895540783414
398,589,108.54674840159014
399,318,617.7706826440906
399,593,441.7331058107287
399,150,365.1108011551868
399,457,364.22982207077007
399,858,339.918307990005
399,2959,191.44150940809155
399,592,181.60232966656767
399,47,175.66110769473298
399,50,169.55674131144724
399,1,127.80319933424238
400,356,363.75724803137814
400,296,299.7643991536618
400,260,257.9652180362631
400,527,241.68278174288176
400,480,236.47882895368232
400,110,229.64371482619887
400,2858,199.1419749958022
400,589,183.3686749340032
400,1,133.7391513831106
400,780,131.18182466721336
401,318,178.9414675052434
401,260,150.2080318944909
401,1196,132.6161002311721
401,2571,122.16507041825673
401,296,99.76170756641898
401,593,97.68252640524034
401,480,96.25047170387475
401,110,94.26819874775167
401,589,94.00983934529913
401,527,93.01727939241508
402,2571,178.61620910122565
402,356,176.3250215167817
402,318,159.04054971215132
402,110,154.4886172522964
402,260,153.26641261881332
402,480,145.8661328993628
402,1196,124.31317079024066
402,2959,120.48056238398019
402,2858,97.11602710959377
402,1,54.95618687393717
403,318,272.54985061415607
403,356,260.72655511962046
403,2571,232.4858717671854
403,593,223.5832672834772
403,260,201.60884192310607
403,589,178.9051435083419
403,527,172.47266191664193
403,480,130.04121015047568
403,1196,112.60581780682632
403,2959,102.4655947464064
404,2858,135.20918655751467
404,260,133.00934256866387
404,150,123.10790659861651
404,589,117.08652949605991
404,2571,109.60635701865753
404,2959,104.62616796749705
404,1196,88.15702966048704
404,1210,86.78695427940451
404,780,84.8326755049749
404,1,71.3372121040355
405,356,168.22128716756734
405,318,163.71052804053642
405,593,137.99847964254678
405,589,116.23111348526714
405,527,111.76736367743457
405,260,97.80747121110474
405,780,95.85615628477746
405,480,83.2433753915232
405,1,75.6330423540629
405,1196,74.49285285670582
406,356,202.81703042771775
406,593,105.69027594316431
406,260,94.91316922632765
406,318,91.81212503502066
406,480,89.2796969684594
406,527,82.93279907970637
406,296,80.29436926447516
406,2571,75.01955668505708
406,110,63.297750953016916
406,589,57.72989323029783
407,356,768.773120436502
407,480,549.5499550852704
407,318,548.5009217904183
407,110,541.3047578293169
407,589,493.68998746470106
407,593,396.319926563995
407,527,375.2795235319613
407,296,357.9644589309015
407,780,350.3151065155091
407,1,128.85462882748112
408,110,191.485689030918
408,589,184.33257643705753
408,480,170.85416214351991
408,296,167.33728136376016
408,780,163.67145751562296
408,356,153.10395072604146
408,593,121.79853166828197
408,2959,103.50951413826739
408,527,96.54264230390127
408,1,65.19812753775999
409,356,286.3589982780437
409,593,228.79221486639736
409,260,196.05205165891235
409,2571,193.7956472675184
409,110,192.3738307208808
409,527,185.30278559427225
409,480,154.99481931603466
409,1196,141.49488849747434
409,589,93.23743028688291
409,2959,82.64244177713358
410,356,138.39478042146342
410,589,66.05204902802603
410,2959,65.71675943905127
410,780,63.40303699213263
410,2571,59.41965942927474
410,480,51.98886169148192
410,110,49.41308300203256
410,1196,44.8377975388814
410,1,44.23901950029655
410,150,42.0926262609907
411,858,87.57275299128304
411,2959,87.29908199330508
411,2571,83.0454509361762
411,4993,79.8238172218956
411,2858,79.57108611880749
411,780,70.37015345154573
411,260,62.905409521489936
411,1198,58.71572898221832
411,1196,55.53810930726139
411,1210,52.13781690069436
412,318,307.7375198604361
412,356,292.16861784849823
412,296,270.58857677522576
412,593,249.58974285926897
412,260,231.54971564624213
412,110,202.01561746595013
412,527,194.11881050273104
412,1196,168.46151726334477
412,480,167.98968012947
412,589,103.42783931993114
413,356,215.6294983697375
413,260,153.28232748822913
413,589,150.7548066286059
413,110,149.11133012127735
413,2571,144.4209239228615
413,780,130.7062342632187
413,1196,122.87985033988355
413,480,120.10460561313195
413,150,114.97891957474593
413,1,59.122442455788644
414,2959,70.89042530928266
414,7153,63.63051248188901
414,457,60.90856348971462
414,293,50.90085908138125
414,3793,46.56089920361146
414,1221,42.95342965524203
414,1682,42.88899841544108
414,733,41.551442377220305
414,1265,40.13718064714506
414,5989,39.01956205301301
415,589,163.67996282924554
415,110,157.96040249054255
415,780,153.00596107270417
415,527,135.9519428184451
415,4993,133.9925190092406
415,5952,122.27732609039988
415,1196,120.85877303805704
415,1210,115.76423906294292
415,592,82.18498958271643
415,1,69.85628849842169
416,593,264.1294851504231
416,110,240.6047087855715
416,4993,202.06916825703573
416,150,167.09502538158117
416,589,140.94634638177905
416,47,130.21439107352174
416,1,127.28883949202361
416,480,124.121243105661
416,780,112.70227277325608
416,1210,91.89381213006355
417,110,294.7732919105923
417,260,292.7824500127902
417,527,267.47946858553746
417,589,261.7104062454965
417,150,258.26536115188406
417,2858,227.6880790602564
417,480,215.6483840234202
417,780,193.05832326040294
417,1196,176.7688453690004
417,1,94.85366774414354
418,260,191.67160775385
418,110,182.40323210994947
418,150,163.74167160741555
418,2858,162.38969389059812
418,480,148.85096716593765
418,2571,131.59987467811294
418,589,112.05093445560988
418,1196,97.20879611602237
418,780,82.88739757589651
418,1,79.60673858241361
419,260,126.77414934692061
419,589,120.52822495563639
419,4993,108.59468090058341
419,1210,100.99766676686048
419,780,99.62010046854633
419,1196,99.21236904223505
419,150,99.04577661851269
419,1198,98.77954407584298
419,50,90.45424227853347
419,1,53.34725087182857
420,356,127.12158252222217
420,260,109.79695822454384
420,1196,96.93785500905673
420,110,96.89257279586656
420,593,93.11478913509877
420,780,91.45529683246349
420,1210,91.00288429421653
420,4993,87.15700233368213
420,589,85.4322388673653
420,150,75.53988266426892
421,356,681.3285141144827
421,296,632.8271622622652
421,260,491.0024073623452
421,110,460.94061364552533
421,2571,335.5329110374819
421,589,221.9894759944197
421,1196,207.32013359534892
421,480,193.42710493547622
421,1,157.6153672584008
421,2959,103.81186956200506
422,356,143.23069098996905
422,296,114.33053680325658
422,593,109.44418828098574
422,110,99.87051355731441
422,527,93.74028617809056
422,2571,87.31537165018358
422,2858,79.84154600880237
422,480,77.79057462249447
422,589,76.12440574612307
422,1196,63.45810878406591
423,2571,500.27624696533314
423,260,437.2311879204841
423,593,425.4656302835659
423,110,379.7544468646704
423,780,356.60359622719824
423,1196,344.9960513235947
423,527,344.5919980809046
423,2858,169.9347608915337
423,2959,150.99400223823855
423,1,130.28610147446025
424,356,162.8978005722091
424,260,117.39565219397628
424,110,109.45848626620132
424,527,98.49427443263899
424,480,94.09962479081499
424,780,91.4449638329868
424,150,88.34296650071953
424,1210,82.5123443682696
424,1196,66.50080499759923
424,1,66.45860719425141
425,260,146.214934358032
425,296,138.69309945389878
425,1198,118.31640444497764
425,377,100.51492027673962
425,50,97.07166041064201
425,1270,84.15367480260008
425,58559,83.452962117911
425,1,82.20676545990403
425,4306,51.430000352258624
425,1265,48.11117833361653
426,296,139.82918339403224
426,260,134.05703171061418
426,593,132.07035617511247
426,2571,118.26528108497737
426,527,117.98530054477578
426,110,115.08533193927819
426,1196,103.81300973505688
426,1,101.59341738055743
426,589,97.31484124184196
426,2959,77.37270694228866
427,356,143.16139319188756
427,318,140.17993626754395
427,2571,123.65033262121554
427,593,117.44087170317556
427,260,111.80581853606262
427,589,108.68903465811074
427,2959,98.5425851464488
427,480,98.45761448383482
427,527,95.11740022240664
427,1196,84.35565573217976
428,318,102.06145061670794
428,1198,92.00171871368804
428,50,87.93985938599081
428,457,84.33224078726911
428,858,71.16540369319263
428,527,67.81031973177885
428,47,60.86383439328132
428,1,56.19302682576961
428,364,44.67138806039502
428,32,43.967505749484
429,356,151.33362637708916
429,318,136.32337223577153
429,296,117.564418104018
429,593,114.03060015379461
429,110,98.54867755668641
429,2571,97.3732982386082
429,527,92.52854747495947
429,589,89.88004388271862
429,480,87.78770321442255
429,260,81.66196583357444
430,260,140.5659032883029
430,1196,117.14359504041795
430,110,116.44258221660125
430,480,115.72985719765941
430,593,114.50069535640502
430,589,113.79808584731592
430,296,112.6105044689636
430,527,80.55349954714184
430,1,70.91958071245455
430,2959,63.932348663963516
431,356,315.5665791387395
431,2571,285.82557112215216
431,318,203.6528680894855
431,110,178.0271315828774
431,260,172.58497383341427
431,480,168.67782911545422
431,593,160.88641792347713
431,589,156.02868638877015
431,527,139.22355329986706
431,296,107.08212133204691
432,2959,104.37114596108228
432,150,102.94975084493511
432,2028,101.85342095001951
432,50,98.75307949128826
432,457,93.21151829940824
432,1196,91.6764507355055
432,1198,91.3454316804283
432,377,75.86331945394352
432,592,71.40667932442109
432,588,63.609348988548625
433,356,407.4585740859757
433,2571,317.8951484861328
433,589,299.3889813463567
433,260,297.8942439688304
433,2858,295.8284939494656
433,2959,229.79840643099732
433,780,215.14664328053306
433,480,189.54398028624743
433,1196,153.87157562081575
433,1,127.3890766329748
434,1198,138.6292680117656
434,457,125.39878069818461
434,480,122.76806531019675
434,7153,120.21680024532516
434,590,109.63828754197786
434,50,100.77381339920652
434,377,98.42502871246376
434,6539,80.89489738095823
434,364,62.97439952723232
434,592,61.31372190622707
435,356,259.2294029089242
435,296,245.0113841608274
435,593,184.53557628541023
435,110,184.41285848782184
435,260,174.93148863760166
435,2571,170.13338368734952
435,589,157.1260403265557
435,527,156.65355119300204
435,480,121.17268364578392
435,1196,113.5341502401193
436,296,83.87753684431247
436,260,82.26396336360621
436,2571,80.35271627756973
436,593,74.08162013256795
436,1196,72.62944513183251
436,2858,69.46798316087363
436,110,69.07231934214767
436,1210,68.18274440947542
436,780,61.972794533697105
436,2959,59.72537812333361
437,593,167.4926914454957
437,2571,153.67731975691373
437,527,135.65523769965768
437,2858,129.18412948275352
437,589,125.90900345234475
437,150,121.33355596445269
437,480,112.81663270654454
437,1,112.31664264415228
437,1196,104.79649294067644
437,2959,89.10469558562129
438,296,108.224929294725
438,50,101.85982389773089
438,1198,97.94955437354572
438,593,85.02020258722429
438,58559,75.58863585433299
438,858,75.38570406164213
438,47,63.94030733686489
438,2858,57.92655033292499
438,608,53.94691772587697
438,1291,43.48819085355341
439,480,615.2604773985206
439,593,603.11075490912
439,260,591.9625061275947
439,589,570.9414094847168
439,2959,499.4604565790291
439,527,489.73733627954215
439,296,476.46978405381424
439,780,467.29540580728474
439,1196,460.47697864010166
439,1,176.30709869579414
440,2571,278.0886119492087
440,260,234.72488248076382
440,480,221.08820932286056
440,356,220.25014944522374
440,296,216.31899260608225
440,589,206.29325850391754
440,318,203.05609970694232
440,593,167.09938275835194
440,527,146.33569251275884
440,110,129.71998259435006
441,318,249.46863105986642
441,2571,231.1596052766562
441,356,222.15482409089543
441,589,201.32422307062347
441,780,174.90718203782592
441,110,172.88116348996542
441,480,171.19995376508098
441,527,124.3887724671621
441,2858,116.09655122071383
441,1,102.48857492215144
442,356,207.86422216309833
442,318,196.29926720213868
442,296,175.39750300213305
442,593,166.70316697550592
442,260,155.66116573265657
442,2571,154.7758458961811
442,110,146.73263304295165
442,527,128.6860612975612
442,589,113.9116786706791
442,480,113.34020041781896
443,296,519.6521792537524
443,593,440.3603278092536
443,589,363.693608206259
443,527,356.65547210997397
443,150,347.6651172186052
443,480,334.109056551597
443,780,304.0776820600022
443,47,291.19023163980455
443,1196,262.75182237695515
443,1210,239.66741504906147
444,593,181.04877058580166
444,260,180.02567406943191
444,2858,163.0306752933058
444,2571,154.9166416507719
444,1196,145.1817391892324
444,150,143.3471462795067
444,480,124.22707951701746
444,780,113.38585663981081
444,2959,103.92920258452315
444,1,64.59340961538928
445,318,272.7361783387714
445,589,185.9286705937523
445,150,181.5374645907276
445,858,178.0971725788477
445,1198,170.01064947662712
445,480,163.37821730001886
445,2858,144.1597054238662
445,1196,141.60296901219309
445,1210,132.93339948083434
445,1,87.79590786748886
446,318,171.28955432181212
446,110,125.67816053104231
446,260,119.79497704992849
446,2571,107.34887352740948
446,4993,95.53477285938321
446,2858,93.66198091545816
446,1196,91.16228141028554
446,1210,88.2871775406715
446,2959,84.10977662883205
446,1,58.055075282207014
447,2571,110.32879977343855
447,260,96.44279677972645
447,1196,89.41459369923957
447,780,88.40606479316314
447,1210,83.94023081969429
447,4993,82.89955717296506
447,2959,71.36568256493351
447,527,70.36987757128398
447,2858,65.18447505463826
447,1,58.586037396172486
448,318,82.65264865954452
448,110,78.94301553995271
448,2028,60.66916935014884
448,588,60.59052333247345
448,527,54.378786006708374
448,364,44.94573129125896
448,4306,44.637179231167416
448,1721,42.70111570417786
448,590,41.89104814258407
448,595,37.08319611538437
449,356,220.13448692667674
449,296,178.46681777951216
449,593,160.24597779207494
449,110,150.68377780835053
449,2571,149.7204626651022
449,260,140.14762947089537
449,589,133.79778942796136
449,1196,73.01349966037905
449,1,69.737009827454
449,480,62.63071768198936
450,318,329.3399770998458
450,356,311.29153462949836
450,296,305.8954363571449
450,2571,276.87357768009406
450,593,271.47779254998784
450,527,218.81571359854158
450,480,165.48953242335907
450,1196,151.76344934310913
450,1,128.51283410771867
450,2959,97.18374878843537
451,296,164.86720566792724
451,356,152.33477418637372
451,2571,146.92229978884976
451,318,135.85705205714308
451,589,129.33098265088225
451,480,114.70279720239502
451,260,110.36282183890106
451,110,98.86187710835993
451,527,82.84837302855412
451,1196,80.25562966460254
452,296,134.1279809341456
452,356,122.41577128385418
452,318,111.3645448125294
452,593,96.76178978471984
452,2959,85.61520432735101
452,50,77.17558506550503
452,4993,72.36254118966853
452,1,67.14935956033256
452,150,57.96940634264824
452,47,53.31587189184676
453,1198,80.60330618830314
453,5952,69.6914112990074
453,150,68.38682915058185
453,1270,68.11733774363155
453,7153,65.93558673798304
453,592,62.885921215084124
453,2858,60.63878944416048
453,2762,56.175901832388085
453,590,52.85603535682513
453,1291,51.25852303676459
454,356,237.11046141660435
454,593,195.4281707321924
454,260,186.55844429058092
454,318,174.62341554799656
454,110,173.61308361351368
454,527,157.5377980937439
454,2571,134.90838270997256
454,589,122.87495517518455
454,480,114.01045729986458
454,1196,98.9925546420984
455,296,186.20503733960803
455,593,161.71361728186935
455,260,155.5333592670853
455,527,151.78189756618158
455,2571,146.37194440259174
455,110,145.78229529024279
455,1196,136.54213956039038
455,2959,109.9902213580841
455,780,91.26307432013661
455,1,88.48781624024446
456,318,119.74742105325979
456,356,110.30709347328512
456,296,96.59612608030726
456,2571,85.363271482726
456,593,81.29750314074786
456,260,77.43377556895715
456,110,70.77255115722896
456,480,70.35800891740307
456,589,70.2964499262013
456,527,59.655430542626945
457,2571,163.54332031734722
457,296,147.80802823951458
457,260,146.89903945139156
457,356,146.208472000403
457,589,128.02364023700716
457,593,118.08289736694758
457,1196,115.65195315736544
457,318,94.24750267294291
457,1,70.56158728985109
457,527,62.82720386955119
458,2571,114.52727325999588
458,318,108.68246271773664
458,260,103.96374496598548
458,593,101.19301526471033
458,2858,92.52862284114714
458,780,85.22508257428775
458,1196,82.8973706791565
458,527,81.39802458028257
458,2959,77.81687678294517
458,1,66.19139052165642
459,356,400.3891946814384
459,318,330.16496540404336
459,480,324.10566814096586
459,589,258.8784604393742
459,110,243.2759444415516
459,1196,242.72107873528557
459,527,221.46240605814555
459,2959,214.35974644251084
459,593,212.92773546435828
459,296,206.773347690621
460,318,266.66610033358654
460,260,223.65652381577772
460,593,206.60213716797287
460,480,198.00636486071272
460,527,182.1307766184297
460,589,174.9059069398666
460,1196,174.05165415959175
460,110,163.62454955765082
460,296,153.00798448942658
460,780,146.81942762606283
461,296,607.2049949168525
461,110,510.52941216101084
461,150,405.85463344304094
461,2858,396.9184214713795
461,589,348.09179477267645
461,1210,281.64625982961667
461,1196,266.3030205978036
461,780,265.08084023349267
461,2959,252.26189224153276
461,1,234.0240723761519
462,110,97.57862196338618
462,150,79.98129075138917
462,480,72.09203291862312
462,780,70.18671153937633
462,1270,67.42864579170946
462,457,63.757592853663745
462,1210,59.704300096725255
462,364,55.61377606672195
462,588,54.11321347736707
462,4306,52.510905555684545
463,356,424.34353854495316
463,318,412.28851871257433
463,2571,366.7902031565585
463,593,348.10554687416493
463,260,346.4573567360712
463,480,284.894178653905
463,1196,275.3246275590445
463,589,270.0375591082358
463,2959,103.69378499902614
463,1,83.65631360231734
464,1198,149.56226762218273
464,457,135.23631256706963
464,150,126.24498490536763
464,50,122.6861382792095
464,1270,111.80379178018673
464,608,95.81174571560966
464,592,95.27230364902626
464,588,91.91445501777883
464,1,68.97817372801953
464,4306,49.496466774371925
465,318,339.11825976820234
465,296,300.3635024939267
465,260,250.61345450428
465,110,250.0158604676974
465,480,214.2264570240541
465,589,210.08654857096172
465,2858,202.95530674877799
465,780,179.23400085233334
465,1,117.77519137711407
465,2959,104.86498338821329
466,480,145.62291429067858
466,589,133.0875679808974
466,296,124.7300577485431
466,780,122.90109314585936
466,110,114.04679580575666
466,150,101.95069824722007
466,1,101.26229099038821
466,593,99.95793769462759
466,527,87.9928851171238
466,2858,63.26441616558669
467,356,498.0462265458489
467,318,458.42121044954723
467,2571,451.6353921963767
467,260,414.13361550950503
467,110,412.9515682904166
467,296,386.05442242300126
467,1196,353.6726629938028
467,480,346.85761227671196
467,589,282.7515977110558
467,2959,141.00383037922717
468,356,185.94756961973246
468,2571,146.1369896524708
468,260,131.7669106990119
468,593,130.27182344969174
468,480,115.28137875078022
468,110,114.26040494807341
468,527,111.50341668002235
468,589,108.55642436705038
468,1196,105.82363318207116
468,2959,88.08819237907129
469,356,249.8417091692269
469,480,149.63932102888614
469,4993,144.29200109670103
469,150,143.18776331027354
469,5952,125.54795447022848
469,7153,124.57997908895499
469,3578,116.75025432365736
469,364,113.71191603593988
469,377,99.49112550764971
469,2959,83.67113619219549
470,260,116.50630556101198
470,593,115.83324249972704
470,2571,113.4245876357334
470,4993,105.94045047807883
470,2959,102.48949830711993
470,480,96.62678003098037
470,780,96.16204705445503
470,1196,85.87480176921828
470,2858,82.25506426915526
470,1210,80.61318637871581
471,318,283.04740126318
471,260,242.9474637731551
471,480,229.9085371199841
471,110,228.30246539885766
471,1196,210.1442689911671
471,589,202.7904478347219
471,593,200.98313642680938
471,527,188.05861236468908
471,780,178.84085423999485
471,2858,145.5440652569218
472,356,483.0593789784788
472,296,379.09267820142514
472,593,376.6767975005264
472,527,300.4732168264667
472,260,297.95581808225944
472,2571,297.472963113318
472,110,293.1576389631987
472,589,232.34637200206024
472,480,145.16198421800794
472,1196,142.57558050513822
473,356,195.07930789235846
473,296,149.88745923844664
473,593,109.6702533675533
473,589,106.85697720161849
473,110,102.4840953403711
473,260,95.01212609419383
473,527,88.82384157041507
473,2571,72.51890479555517
473,1196,69.30232852367406
473,480,59.77144106196149
474,1721,58.519536660008676
474,1210,56.27510486888047
474,58559,54.97694654568624
474,79132,52.94852425696615
474,1240,51.7333409882934
474,165,43.07804960007976
474,153,41.23979543018319
474,2628,37.12585917162925
474,231,36.00469233741196
474,10,34.014527925039424
475,480,249.0566660554742
475,356,242.3371498065291
475,780,225.06821636684938
475,110,184.3754139529816
475,318,124.75274593223237
475,296,124.51883392912328
475,527,114.47648249805782
475,593,111.71983969375256
475,2959,99.8624504509778
475,1,67.39469109669153
476,2858,98.73765278988304
476,260,94.58731192477822
476,1196,83.50951863629068
476,110,79.75086509713938
476,593,76.580751357297
476,527,74.24485661252777
476,2571,73.74803877514088
476,150,73.27804413753884
476,780,68.23204667074216
476,2959,62.37593337097634
477,2571,116.56728867998676
477,110,83.46629591505365
477,50,78.21962959615664
477,5952,77.86634004979211
477,858,72.90329043139313
477,2959,69.28327904607737
477,3578,66.777725816308
477,592,65.95893274850508
477,380,65.38557886718374
477,590,56.91117492230109
478,356,231.00943714101516
478,2571,182.62894236595102
478,318,172.68471955805373
478,260,163.74587787764048
478,110,148.22213853990542
478,593,142.89085125570355
478,480,140.65361219295426
478,589,135.18408005722856
478,527,122.95787587791695
478,296,117.97685252739014
479,356,126.42424535060381
479,318,100.11808065645985
479,296,90.32992095354867
479,2571,81.35194168973985
479,260,73.02779968081038
479,480,67.05179568959026
479,527,66.51913155480044
479,589,65.57166746544638
479,1196,63.334329335431036
479,2959,62.27820336357914
480,593,90.6162523259159
480,1210,69.51731331904527
480,2858,69.07890048883503
480,588,60.72600515627633
480,3578,58.83031607405115
480,58559,58.70860275043286
480,608,56.55608830828569
480,344,54.723324356498104
480,79132,51.502651852686725
480,1214,44.75851478563352
481,356,159.0156153085422
481,318,148.22890537040894
481,296,140.62600879942607
481,593,126.4405435567651
481,2571,122.40793908186454
481,589,118.20772716336549
481,110,117.85587706748312
481,260,106.1506346725544
481,527,103.55909824872255
481,480,103.46702255560716
482,356,156.84430075759641
482,296,111.15455017575995
482,318,109.3436714831857
482,2571,105.2131911679342
482,260,104.99251284067756
482,110,101.12253627015977
482,589,95.55127163324838
482,593,93.88556203703874
482,480,88.54511082716705
482,527,74.93405662393124
483,593,85.37122259646328
483,457,66.8899530020858
483,588,64.13606943235823
483,1036,58.351097991573994
483,590,56.201705194718215
483,1197,54.565163283317254
483,316,49.84474225444269
483,541,49.47063171618233
483,34,45.32776922448291
483,1089,41.85119481208537
484,296,115.13511677659181
484,780,86.70642143930053
484,589,82.62113317969737
484,2571,79.02467258369258
484,593,73.6012099126887
484,260,66.32457292682112
484,110,64.61350699623135
484,2858,63.787060887503834
484,527,58.788464901692535
484,1196,58.556830151607834
485,356,420.47145278840935
485,318,401.86813473615604
485,2571,346.4288328274679
485,260,315.4089505636804
485,480,272.48139964671697
485,527,267.00391324842906
485,1196,257.1229712802873
485,589,256.40728169605205
485,296,230.63313802033687
485,2959,169.57117156490034
486,2571,322.4957495611938
486,260,279.6642828225977
486,1196,246.910808257789
486,1210,231.79381999710805
486,593,140.25459225782498
486,296,132.84627386263807
486,2959,113.59462844022188
486,527,66.18023110201896
486,1,63.82735239855639
486,2858,62.4660344585383
487,356,202.71142730021626
487,296,166.87712182699423
487,110,140.68320052494713
487,527,130.39542160997556
487,1196,115.29105318519011
487,2858,113.9943845365654
487,589,107.33053322644355
487,480,104.24836765723207
487,780,80.24732639478265
487,1,75.74822669163282
488,356,392.5853347929145
488,296,354.50742019454225
488,260,287.22863971966564
488,110,264.61914920118056
488,2571,239.2103942409607
488,589,174.0350478260926
488,480,169.01664641003046
488,1196,157.29883350619255
488,780,126.82649192478877
488,2959,82.73488788121954
489,296,111.6538143984538
489,318,109.57405310590214
489,260,97.10671447588257
489,593,86.39631065472473
489,780,82.38025127908047
489,1196,74.01101766273602
489,2858,73.88769116071697
489,527,73.6498971322894
489,1210,73.59515756565071
489,1,59.33142820819336
490,318,166.91260380798371
490,260,143.73918055107603
490,110,140.37745989071442
490,480,121.9427801932253
490,2858,119.49591249763478
490,527,118.05545103416004
490,589,110.18066367997655
490,150,104.10820034125086
490,1196,103.86450272063645
490,780,100.45717434191168
491,356,240.49093400344503
491,2571,97.4080044813526
491,296,92.88834995348223
491,318,90.13623665194669
491,260,83.47378279397887
491,593,73.94226871108847
491,110,65.28963673295827
491,589,63.32656651905838
491,480,60.76644721519272
491,527,59.88712672468322
492,356,122.98657631171638
492,2571,106.27539060539853
492,318,94.67031317234414
492,110,89.669860823305
492,480,87.59416960054332
492,296,82.83194412479034
492,589,81.78223417681059
492,1196,81.36709593225825
492,593,73.11823192254401
492,527,56.420266704926085
493,480,313.3610156555581
493,356,282.70359898261256
493,780,279.2031798258053
493,318,266.6322712904446
493,593,229.33046925809816
493,527,184.48404855903198
493,296,176.79639089077668
493,2959,131.37350830960656
493,2858,121.40645021347599
493,1,89.63195378544188
494,356,1123.1083587235396
494,318,1103.875516776434
494,593,909.3441890388115
494,527,732.1481912981635
494,780,687.5738206067634
494,150,687.322791830929
494,296,587.0788876676826
494,2858,423.57600694767393
494,2959,319.2011318922296
494,1,240.36440925959366
495,296,145.3649646362412
495,589,118.86484136859536
495,260,98.50297376562047
495,110,97.2076588397316
495,593,91.27990651055778
495,2858,82.53702681980639
495,480,82.44425346297648
495,1196,76.58328757698288
495,1210,75.72897326905779
495,1,65.7832578369019
496,356,445.8294981763101
496,318,346.0888425500061
496,2571,345.53220438683076
496,260,315.414537110569
496,296,292.60294452679
496,593,280.97214702546086
496,589,272.84117302703766
496,480,270.52660226673737
496,110,257.9553001369985
496,527,255.41330967857755
497,356,431.33475343437306
497,296,313.3026835418417
497,110,258.2226349134454
497,589,240.633048307276
497,527,240.35995599609925
497,480,235.23093864104817
497,780,193.16109024034094
497,2858,190.73624173079818
497,1196,166.01862483673915
497,1,122.19586465190397
498,2571,233.91967211972428
498,593,233.285206919904
498,260,233.06082235062576
498,527,194.18255919017554
498,589,171.032446658326
498,1196,169.20249321102497
498,2959,157.136146195552
498,780,155.4350422139509
498,2858,145.99393415778283
498,1,77.73158292804504
499,356,167.62579631200774
499,318,140.00977293178602
499,260,119.0626783432326
499,296,117.39078741767493
499,2571,116.13473668184156
499,593,109.00680604968925
499,589,105.38535589779725
499,110,94.88056419421208
499,480,93.4845318237006
499,527,89.84390613987152
500,318,151.53323982126588
500,1196,121.5511315459915
500,296,107.13279012157513
500,2571,102.53145389474969
500,593,96.92426500988057
500,527,89.71374031290487
500,480,84.50834676481323
500,110,66.69138293417605
500,589,58.11121413671861
500,2959,54.211653951054316
501,2571,121.14116163801627
501,356,118.25852733229615
501,296,110.47471338828305
501,318,106.41119271090977
501,260,104.56647221558039
501,110,102.33248788926326
501,589,98.85092798448622
501,480,96.28668980395467
501,593,87.35879709345413
501,527,66.1741215985031
502,356,216.87142619388544
502,2571,184.62021646345855
502,296,183.35046059622024
502,593,173.8960002233993
502,260,170.1284128567567
502,527,135.89075288236833
502,110,134.31468295298055
502,480,132.47087410092283
502,589,131.73921031766594
502,1196,124.46860683239467
503,318,153.01459972578058
503,593,129.51660306153587
503,110,114.9610692055626
503,589,102.98850572592062
503,260,101.16161129904597
503,150,97.06135877532381
503,780,78.42206027693456
503,1196,78.1304937410659
503,1210,74.3945792188783
503,1,56.306860181895075
504,356,171.92263428759543
504,318,150.13085951557434
504,260,123.19531581828093
504,593,119.00522780157004
504,110,118.78395665729768
504,527,107.34560460021896
504,589,98.80886756341818
504,2571,98.49888376735615
504,480,72.85475293201586
504,1196,68.75578764809357
505,2571,161.87882231245345
505,296,160.9589178788982
505,480,128.70852772016713
505,589,126.24567282504411
505,260,124.96019932383813
505,318,124.33937789124481
505,356,121.87944350054181
505,1196,108.4275993808698
505,110,98.98845677018835
505,527,94.23669542191236
506,356,182.43886609814746
506,296,151.70828744777464
506,318,133.7050722822379
506,593,120.20920758783112
506,589,112.73817659782966
506,110,107.8286768154629
506,527,104.97069406812338
506,260,90.63372224331485
506,480,77.5165694794453
506,2571,69.09696010465782
507,318,693.1511011446199
507,2571,581.1528747524023
507,260,532.7457406815355
507,527,460.5342909299848
507,296,422.66277614326367
507,1196,403.14674093272225
507,780,398.37534121364047
507,2858,322.6264091315245
507,2959,300.12352640765914
507,1,76.12673655558501
508,356,336.00947993134434
508,318,166.89194227444014
508,296,153.06114633558747
508,593,136.39790374955967
508,527,127.46616194292828
508,480,119.28367177008519
508,260,118.34200640709264
508,2571,106.05979992744491
508,589,104.0372111540357
508,110,99.52724598568214
509,356,125.01411653841089
509,318,105.69715308107543
509,593,92.56970223531928
509,480,81.104959349355
509,110,78.84059278536449
509,527,75.92131552250908
509,589,75.76802333099943
509,2959,74.28534053187775
509,2858,71.05627501296777
509,780,70.74123993228339
510,356,300.0964205665552
510,318,289.2088365076252
510,2571,236.76775874608734
510,296,233.39687522592146
510,260,213.36119073273804
510,110,207.59467206428565
510,589,187.33345636223416
510,780,169.20304661473307
510,1,115.25401661589996
510,2959,94.38177673352791
511,356,354.15566306066427
511,480,263.9118509034087
511,260,263.23220346671064
511,589,253.74091191987648
511,593,252.22107568839166
511,780,240.72581878893823
511,110,228.80713182123807
511,296,225.357253625553
511,1196,199.3866017308822
511,1,67.32722738281348
512,260,194.32182299907663
512,4993,155.731862897474
512,2571,147.61534528189333
512,589,132.71575396976394
512,2858,123.02669370020006
512,1210,114.86667711002329
512,1196,113.49228892398806
512,780,96.8503126072386
512,2959,94.15875184224541
512,1,81.68078018856258
513,356,698.5861199804287
513,2571,578.2374723117898
513,593,539.427244020093
513,480,476.594166631983
513,527,464.1453542920815
513,1196,447.01896569387156
513,589,444.971804864932
513,296,357.88417467552495
513,1,127.61674875934673
513,2959,102.74720716246226
514,296,131.63624947016189
514,318,131.0059917457674
514,260,116.57445088319945
514,110,107.09008049032599
514,2571,103.39168955348178
514,589,93.99307154409897
514,527,93.90428596404479
514,858,91.89812338741909
514,780,79.12091661216621
514,47,70.01487254167327
515,296,287.56181137418577
515,110,282.7514326417303
515,2571,261.35676052735016
515,593,244.09292999015014
515,589,225.0521145809614
515,480,215.79383490365325
515,2858,210.23078061763658
515,780,195.19573204111558
515,1196,178.48391784910703
515,1,93.64313162917219
516,356,319.9492732484163
516,318,278.1402743474861
516,296,262.50996199971314
516,593,252.17638308954167
516,2571,222.6130515029676
516,527,208.0143568707686
516,110,206.19161650171014
516,589,177.6521514994529
516,1196,174.56908642182617
516,2959,86.66336636665586
517,296,125.73938686442592
517,4993,116.96974674962996
517,1196,112.35870928512438
517,1198,109.89237584514133
517,858,94.12626068630163
517,2858,93.2325787469441
517,589,89.32711436365227
517,150,85.86949634974427
517,2959,69.10436795773033
517,50,65.68836980901823
518,356,158.76766716165673
518,2571,153.18123686361267
518,480,136.0274795520332
518,260,132.8231770981801
518,296,126.50955676658506
518,593,126.37760993894018
518,318,120.57850125908642
518,589,112.39916669368715
518,110,98.68340996767547
518,527,80.11317371790149
519,296,176.0820152931881
519,589,133.45376214241213
519,260,128.14098263915227
519,593,122.26034295226938
519,2959,112.32614737076041
519,2571,101.96950453348528
519,110,96.63957792763902
519,480,80.59314256468701
519,1196,74.86377224018321
519,527,67.83591750283978
520,260,104.99845742640376
520,296,101.44633344992494
520,780,101.2673199191095
520,480,85.74592178220959
520,110,83.61247847722808
520,1196,81.91100604992364
520,593,78.26534435752453
520,2959,77.80289001783527
520,527,63.1001544280629
520,1,58.27819538527238
521,356,141.56498304149295
521,296,139.12657308665678
521,318,130.4284388744674
521,593,124.74403105334649
521,2571,107.68834767983375
521,110,94.2027637089208
521,589,92.83124484575352
521,260,92.15408716884376
521,480,90.23828187266555
521,527,85.61230231515236
522,296,179.14982848047333
522,589,172.7184621232459
522,150,161.32079711003678
522,593,136.81614619454976
522,377,119.99294790966505
522,527,119.25814424804105
522,457,115.90510305615847
522,47,100.2670607628245
522,592,83.11095771496967
522,32,62.23224147320099
523,296,208.5276240329018
523,260,179.7384702530763
523,593,178.6657757511647
523,2571,160.54738248293899
523,110,156.69611071230008
523,1196,155.7831882473997
523,480,133.94278891010438
523,589,132.88273847910514
523,780,105.66586594935308
523,1,66.6275005054939
524,2571,184.96598539680576
524,480,158.04843140736338
524,356,157.35595996170474
524,296,134.26406571705704
524,4993,131.69720720475232
524,5952,121.23721063287759
524,2959,112.78866084622251
524,527,101.0807423220755
524,858,85.97081718711749
524,2858,80.17014406151935
525,2571,115.71989853951995
525,296,114.95913876296702
525,110,102.68285385567512
525,4993,90.7629025403279
525,589,90.18092135279312
525,780,86.79752364380602
525,858,86.37510670238126
525,5952,80.04304595420471
525,2028,75.57031514154463
525,592,55.33240233660697
526,260,315.0392877801087
526,356,281.02028303238984
526,110,258.2345771348071
526,1,251.15329026094275
526,593,231.62095175451535
526,527,202.10111201145372
526,2571,191.97665499143764
526,589,131.73102691226003
526,1196,108.67104226320745
526,480,107.91278445634552
527,356,190.35089451326283
527,318,172.83251416796963
527,2571,146.60439149039257
527,296,141.70162521668817
527,589,114.44123459811783
527,110,101.66864660502478
527,2858,97.71251209960808
527,1,93.98992925149247
527,150,88.32704708086818
527,2959,78.6346389759517
528,318,264.59781754293346
528,260,211.8969877462439
528,527,175.6577534886146
528,4993,173.26903733441853
528,2858,168.76528884460376
528,1196,150.16276468082953
528,480,146.2445504995564
528,780,143.85676125927353
528,1210,140.9691260269012
528,2959,111.76154882148528
529,356,163.88894104651231
529,2571,137.68213790696709
529,589,115.72099294638181
529,480,115.11355935345196
529,296,111.21843680922555
529,1196,109.41722046841502
529,318,108.73658302745994
529,110,106.25086547720515
529,593,87.22883539811865
529,527,68.30341837556614
530,318,259.9689839817036
530,296,243.90601625722186
530,260,217.59396651708886
530,110,200.77837562019408
530,2571,200.70057772177822
530,527,182.13445487975562
530,589,164.73392587759227
530,1196,120.88695778189003
530,1,118.60576301075699
530,2959,103.62455106711752
531,356,517.4685507822137
531,318,510.5586442923516
531,2571,427.26585835583273
531,593,418.831159046607
531,1196,368.2756870947323
531,110,363.12031265407256
531,589,341.3471887200857
531,527,339.51333646383495
531,296,242.44575870997312
531,2959,79.94399248026104
532,356,479.3781954437109
532,296,386.44664003124035
532,260,314.40209497247184
532,150,257.9259551617951
532,4993,255.9150438916517
532,47,232.8460692496087
532,780,185.92628625806637
532,1210,178.92650400676004
532,1196,162.74552537262295
532,1,120.3202359800316
533,593,229.41949519829987
533,296,116.85493805038709
533,260,88.73509061894711
533,480,85.98235873201497
533,589,82.14262038016064
533,318,79.99116351921917
533,780,76.78362872697967
533,1196,72.64044931284198
533,110,63.21953490533176
533,527,59.95220366388907
534,589,130.1956685763055
534,110,126.86016218749016
534,296,116.06876589557123
534,50,111.95229608138304
534,318,109.4504296655662
534,457,103.06898577533684
534,150,79.53976781132525
534,2959,71.94904714283943
534,858,70.31544163343509
534,527,64.86484692892797
535,356,172.6869691016508
535,318,105.34871620515287
535,296,95.32186972754639
535,593,91.29867274726942
535,110,72.3671802665584
535,589,71.07893908189673
535,480,68.30898424588759
535,260,65.86396251807511
535,527,64.39833336035183
535,1196,58.1501651060483
536,318,223.38907981205057
536,2571,190.05894819739285
536,296,171.5431346383149
536,260,168.84434721427817
536,780,142.16838379032188
536,1210,139.9430625559783
536,1196,139.2028606527368
536,2959,125.56500805352775
536,2858,121.67199673643636
536,1,63.932104597232644
537,356,353.73504569406634
537,260,263.8712171009948
537,589,238.0494244260234
537,480,229.8184958860453
537,110,150.00199208123718
537,593,145.97625972285306
537,1196,131.4118735636707
537,527,125.67451058395037
537,296,101.22574851888999
537,2959,100.56342518481694
538,356,221.79928421834572
538,318,198.02783640178197
538,260,173.17680333381549
538,296,137.22876062557225
538,527,131.12004978241765
538,593,123.09319170134472
538,2571,119.96748226752861
538,480,99.57402948419222
538,110,83.24659628298545
538,589,71.14736947860303
539,356,148.06374097300548
539,260,127.60540205060826
539,296,122.61785285987966
539,1196,112.66062523387036
539,589,92.67257825529863
539,2959,91.4130270271134
539,2571,87.69927664249533
539,593,81.21196356027984
539,110,73.99626466710544
539,480,72.2833881701817
540,356,280.6738279429555
540,318,248.20260937328592
540,593,218.78610781269114
540,110,203.16781745570108
540,480,183.76968054430188
540,527,164.90749639716626
540,780,162.26803100139978
540,150,154.45685951152217
540,2858,108.9270122541369
540,1,88.86621752595772
541,2571,94.79226734914864
541,296,89.59529871138113
541,780,88.73488325600765
541,480,84.44952505962466
541,110,83.56757119837638
541,260,82.33462802946354
541,1196,78.44600432078879
541,2959,64.09006769135293
541,2858,62.1294599718826
541,527,57.42724281281956
542,780,105.38934224124944
542,589,90.28571915530169
542,260,85.38946590398177
542,110,80.38424057539444
542,2959,78.70626633587591
542,480,78.52349426577884
542,1196,72.94125533693199
542,593,71.26583316146275
542,1,56.27416874808598
542,527,53.8595395226711
543,318,224.26151798551575
543,260,172.84254083278233
543,110,164.4081111106982
543,296,159.2074115240208
543,593,152.91346233530075
543,527,147.2907016998157
543,589,143.94006714381706
543,1196,140.6548833031802
543,480,138.1087680915677
543,1,96.30262925213208
544,356,113.0162234928299
544,2571,93.31592844285919
544,318,92.15668830524058
544,296,87.82211031676408
544,593,80.46316834449644
544,260,80.16739970995903
544,480,76.91273789626285
544,110,76.60020296568685
544,589,72.54671897097114
544,527,54.4692889646171
545,356,127.63070367729848
545,260,112.85798562959705
545,2571,109.48479616647538
545,318,107.89272302538157
545,110,85.77014269840674
545,296,83.40830906305453
545,480,75.75986992975494
545,589,73.50677967126197
545,527,73.38366482614593
545,593,70.15961453340034
546,593,180.31085845259489
546,2571,93.12143472093103
546,296,84.17910443963589
546,356,82.91230298192505
546,260,80.75374417205738
546,318,76.42137447334957
546,1196,71.29609845821282
546,2959,61.35327733607735
546,110,60.199609055328466
546,527,51.91244690204318
547,356,220.11969213693578
547,296,177.29406236516
547,318,171.2166298225276
547,593,168.55893009824925
547,260,167.24766146842575
547,527,145.52603203490676
547,110,142.63326781202272
547,2571,103.8132584135042
547,589,94.99126008487723
547,480,83.36181057293882
548,356,159.6096843121843
548,296,139.15472127659302
548,318,137.59759229123134
548,589,122.32193498937458
548,480,106.24397468062045
548,110,104.77861280399304
548,593,97.01180420963271
548,527,84.93293028134708
548,1,79.42578625123454
548,2959,75.48408783833277
549,356,795.69656395578
549,296,605.005996097667
549,593,560.6295964483653
549,480,491.3486014281504
549,4993,441.89664069478516
549,150,424.13926087289656
549,2858,401.81396267679196
549,47,396.2798652734667
549,780,367.59167961891126
549,1,160.67287789375968
550,480,311.2690792849385
550,260,309.9156770864937
550,589,294.9452522365436
550,110,238.5369717225527
550,780,237.72286020821605
550,296,214.14141223388467
550,1196,209.6313687584539
550,2959,183.88216645283944
550,593,158.86039794977322
550,527,123.61185632984929
551,480,241.1073130633785
551,780,211.30742112518217
551,593,199.62439726798405
551,1198,199.61098489049016
551,1196,186.99296242582628
551,858,172.78752157818388
551,150,158.45476517486463
551,527,156.1110417833848
551,2858,105.1831988841916
551,1,64.38809299941317
552,318,119.06492480409561
552,593,104.3287673452798
552,480,90.54660696532858
552,260,86.4657700411059
552,110,84.98088611677845
552,589,81.90949446572375
552,150,75.99690411309223
552,2858,72.06859667321467
552,1210,67.20225635497688
552,1,60.92307944207857
553,356,257.08020332761697
553,318,206.29586983966007
553,593,172.5489541295259
553,527,138.3298478791067
553,110,134.72021778445117
553,589,133.78977740415874
553,260,131.60049638931687
553,480,94.08642650681061
553,1196,73.13519880342679
553,1,72.53159825494927
554,318,294.275842800412
554,296,275.573486754678
554,356,271.1312631752575
554,260,205.99707589410582
554,110,196.45729271146348
554,589,156.3430870898797
554,1,150.44986792839458
554,480,147.20261436476125
554,780,118.65365962255072
554,2959,91.1903631032429
555,110,75.10063883804924
555,858,69.01217339499392
555,4993,64.36997077866728
555,377,63.11473055811213
555,5952,58.7419951914614
555,47,58.02838573840558
555,527,57.58648571237209
555,7153,55.57625892365809
555,588,55.49686016744671
555,364,46.81288158506224
556,356,488.47545875072285
556,260,485.255644910729
556,2571,372.6855589581471
556,480,345.8906323399594
556,589,286.79318404201166
556,527,278.1621315939845
556,110,234.6360093499435
556,593,212.06165395089022
556,318,149.26026410017292
556,296,93.51693052936294
557,356,661.8434999739054
557,480,491.34823158968516
557,593,485.3575447474113
557,110,444.00077377398054
557,780,439.0228248668271
557,589,397.4964672153222
557,2959,254.05330735379533
557,296,199.80036570326197
557,2858,188.51971539585875
557,1,119.2183958596804
558,356,167.26708017294007
558,318,156.119678515926
558,593,130.14153715995565
558,589,116.10800227929644
558,110,113.79322517091725
558,527,103.72697284447966
558,2571,98.1201638887177
558,260,89.99176866738154
558,480,81.05453090092811
558,1196,71.56413670080796
559,2571,146.39397025138763
559,1196,117.22902668590933
559,4993,106.96509493436295
559,1198,101.04377178192452
559,593,84.75622036669665
559,2959,81.50898226474843
559,527,69.32065461900274
559,47,63.74228143280492
559,2858,62.54147250934008
559,858,59.172828872353136
560,296,115.05278135217566
560,318,111.75705072550745
560,110,95.04681619398932
560,480,91.06679604165232
560,858,77.48971379497571
560,527,76.10273284153038
560,592,68.55393512509632
560,457,67.35822695430976
560,364,63.395578879400794
560,588,53.02352034551021
561,380,95.93477256238562
561,858,94.51031283648628
561,150,92.65869489427752
561,344,84.21838813406855
561,165,74.11989759665445
561,590,68.13277217156647
561,4226,67.70191114265492
561,588,63.245223065610304
561,595,51.36722349174464
561,4306,49.81272093493969
562,260,106.90668338428524
562,858,104.52998812170374
562,4993,90.72477452294319
562,1198,87.54333991614087
562,780,85.34936505563186
562,480,83.51820814168593
562,457,78.7784033542551
562,47,78.76705035202647
562,1210,72.7694036026401
562,592,51.390452561553374
563,296,108.85582274108971
563,318,97.48235688813097
563,593,94.22644951508069
563,260,87.43653763982071
563,480,76.32692727225387
563,527,76.31563679733807
563,2571,75.49275199596566
563,589,74.64492823277324
563,1196,71.6212204347055
563,110,70.81427861494669
564,296,109.76438613551059
564,589,83.11996797680692
564,2959,78.51759008233604
564,2571,75.26245999729545
564,593,70.43775626885083
564,260,69.7475055503958
564,110,63.50270062271804
564,480,62.03273070089586
564,1196,57.62282093542933
564,527,57.048761275598196
565,260,354.98532854127495
565,593,320.09826280278986
565,2571,318.4133747666103
565,110,307.2253177252599
565,589,215.49847065364952
565,1196,172.93815762329152
565,1,164.25449365116668
565,780,161.4942912797582
565,480,153.89252577494494
565,2959,88.83773800908128
566,260,115.47028799729628
566,593,112.08517538925645
566,2571,108.66130123329694
566,589,101.33036564403702
566,2858,91.39114281880609
566,1196,89.14094128908418
566,2959,85.94627775080706
566,1210,83.68333263873208
566,4993,82.26174945760712
566,1,57.880476318762256
567,2571,104.46118536895337
567,318,90.19574095210447
567,780,83.06223554377564
567,296,82.70152750484
567,589,82.61933896195403
567,593,74.61308663811657
567,110,71.72924997572304
567,2959,61.88275205961868
567,527,60.430433806077886
567,2858,55.512002565378275
568,318,283.4331036398341
568,260,236.62140531020447
568,2571,223.57409827673033
568,110,213.77907152074053
568,527,213.28954971067284
568,589,170.70481528849766
568,1,162.04400677775538
568,1196,138.84519721850432
568,780,120.11305465312203
568,2959,108.7026233406486
569,2571,399.94773021704583
569,318,352.47474752529575
569,260,334.76773949259206
569,110,325.719962749549
569,593,309.1025644784492
569,589,307.77227676858604
569,1196,295.5607069394056
569,2959,243.7059313659252
569,527,240.1892131377967
569,1,84.10279262910441
570,296,166.92160041409122
570,593,154.77961523167903
570,260,146.2412230264018
570,858,116.40450401721316
570,480,106.16797338361188
570,5952,104.75731583703742
570,780,94.59516111904755
570,50,90.3462435785221
570,588,75.44639355678017
570,592,69.44667790766292
571,593,498.92021231473365
571,318,131.77244491333644
571,356,122.35969947382544
571,2571,120.54404699886706
571,296,110.28352107907716
571,260,104.371354435509
571,480,99.35466373734747
571,589,93.79411172075358
571,110,84.16733774980804
571,527,76.37406573593692
572,296,299.8963644174642
572,593,264.87197149279683
572,110,232.20065335714466
572,2858,204.9873070164742
572,150,171.33760821750488
572,2571,155.4387757298653
572,589,154.4186804013114
572,2959,104.08598945430701
572,780,95.36036832969253
572,1,80.56420794224474
573,58559,108.51337573941542
573,527,107.36554182376291
573,590,81.54438935223
573,344,79.36640400574525
573,1291,71.4253676549743
573,608,67.06602171032002
573,1265,55.10457796973836
573,1704,50.667540660651746
573,32,45.85802357084582
573,6377,45.094348803708556
574,356,347.29344541669377
574,2571,271.36567192308735
574,260,248.5696561901239
574,589,221.82407472241349
574,480,219.890129562971
574,527,210.9262584187785
574,780,204.0028755099348
574,2959,168.86102198500748
574,1196,162.67249055891114
574,1,67.48414976168752
575,356,113.95360904223118
575,318,107.92006872348631
575,593,90.92430367147716
575,2959,79.31832350643586
575,589,77.59354221446311
575,260,73.49450073058327
575,110,70.8884400641547
575,480,70.01107959277137
575,527,63.949156394890565
575,1196,55.58071607976497
576,2571,136.73490002139968
576,296,134.18785501600397
576,589,134.16534831102535
576,356,125.14668668436813
576,110,122.24713476639705
576,260,120.9573584710915
576,480,116.17072689333065
576,593,98.73340367403193
576,318,97.16830669425211
576,527,72.1829061335273
577,356,191.37798300555676
577,2571,135.2615348288743
577,593,129.9134069667886
577,589,128.27453058846623
577,296,121.53166392550851
577,4993,119.15857409994578
577,2858,101.79184313354203
577,150,97.26461693328453
577,2959,88.546220348427
577,1,55.87929307876682
578,356,236.55268626889142
578,318,177.2072483055367
578,296,156.34971606363595
578,593,138.04490155028276
578,110,127.5428021217018
578,527,121.6660189998218
578,589,112.37539506365994
578,260,94.37633299837312
578,480,75.09987739244903
578,2571,68.78098731716308
579,318,111.34741113594602
579,296,109.00151040121354
579,593,96.27140699669225
579,260,84.22377742445218
579,2858,79.50878005044129
579,589,79.1861720271811
579,2959,75.03313209225993
579,150,71.37187181095383
579,1210,64.08698974716869
579,1196,58.900537652705054
580,356,132.72060926711237
580,1210,115.67468124814837
580,4993,112.07909669515958
580,5952,102.27983141033688
580,377,97.39989865736662
580,380,86.41559081236727
580,648,82.09556699690916
580,150,81.36092937943388
580,344,80.56883799946064
580,1265,64.04958365158238
581,260,378.9360468456043
581,1196,307.69649255583295
581,2858,242.84785415989563
581,593,232.3739990343655
581,589,228.0381448889321
581,480,222.82062213703216
581,296,216.2749882709192
581,110,201.03491159229617
581,780,189.95409408834027
581,1,97.56888121921847
582,356,459.8760101181888
582,480,308.36962051470243
582,589,294.8111465070173
582,318,272.4361728357102
582,110,265.44500118325846
582,780,236.47425021506555
582,593,236.40059206957963
582,296,230.16609736845692
582,527,204.52801862685288
582,1,90.32529909009159
583,318,93.54186475489162
583,589,91.04791871174329
583,260,86.28334315015555
583,2959,84.46170278570774
583,2571,80.22997320965263
583,1,75.7419814323416
583,1196,74.04790787162824
583,110,69.82797261478828
583,480,68.6699923456878
583,527,65.72458569159102
584,318,145.79832000020053
584,2571,137.35816704984313
584,260,112.45133523312153
584,527,97.53914640991522
584,4993,96.99768116485606
584,1196,96.61342802972281
584,1210,93.20290848150613
584,780,89.74917176423114
584,2858,84.49803771896764
584,2959,84.25250658567145
585,356,291.13548145232613
585,318,283.49138710697633
585,593,232.55903620301112
585,2571,226.8024583978401
585,260,218.46567266828927
585,110,207.573354627481
585,527,192.87960289632747
585,589,178.18520896760444
585,480,108.8009252909771
585,1196,102.21783491900884
586,356,154.583060427177
586,480,151.61216218895305
586,780,134.68331394836804
586,593,125.3180935243659
586,150,104.2517773884446
586,1,97.53386380579667
586,2959,90.32782914617921
586,296,86.61460881532683
586,527,83.60127336594972
586,2858,67.66808590834108
587,318,111.61560062447819
587,260,105.35133563194614
587,593,93.18689023344486
587,110,92.06456010763924
587,527,80.35153419443154
587,480,77.95242596502929
587,1196,77.41824973040465
587,780,77.10288271573049
587,589,76.14544411648357
587,2959,62.55158145721728
588,356,141.75894206650514
588,2571,132.2693733575837
588,260,109.9153083573066
588,2959,103.1417907684685
588,780,100.55911346229215
588,4993,99.5500585518297
588,1196,87.77519729351944
588,1210,82.40120562248764
588,2858,75.4603172084267
588,1,69.83549825287791
589,260,206.66457320610482
589,110,201.46537586390465
589,2571,198.66097071129303
589,2858,194.4334409776749
589,589,192.19805140581397
589,1196,143.11610013979083
589,480,138.1135172865212
589,2959,132.9154597668825
589,1210,128.00042436991066
589,1,78.50643144972258
590,260,115.88675755838582
590,2028,87.25282637581734
590,457,85.57454186351407
590,58559,71.47569607217208
590,590,71.3347233939795
590,1704,61.04715196193112
590,6539,59.759282958791616
590,648,53.33786586096478
590,165,49.63704321493446
590,316,45.28422943152426
591,318,132.0078525760981
591,780,124.30737740941134
591,296,123.77154216074075
591,593,115.86707421736145
591,110,111.59570916751544
591,589,101.81486652318394
591,527,98.92727399265526
591,1,87.12418045269001
591,1196,84.34477881621517
591,480,83.33289027861883
592,2571,123.62978432149166
592,260,121.2892898477628
592,1210,100.5280600540016
592,1196,99.99368203329955
592,4993,93.75686670878385
592,2959,75.81347983189711
592,527,75.77874099554509
592,47,69.07780709824672
592,2858,61.91417424281857
592,1,59.876097542321176
593,296,193.70262885303214
593,527,190.3745765650213
593,589,181.2834336036163
593,1198,159.20400538425
593,457,148.6490437013163
593,480,137.86952014536786
593,780,124.3084513507491
593,47,113.75314636374205
593,1,95.48876690449143
593,592,59.31228144805937
594,356,142.2042959573562
594,318,94.40595103812771
594,296,84.46091629130163
594,260,81.10236664029912
594,2858,77.12641684968742
594,1196,68.0509247779143
594,4993,65.57096756171212
594,527,62.72395391007807
594,2959,61.84081875256872
594,1,51.70990871505719
595,296,319.6320226780976
595,260,274.2183420949932
595,110,240.90866853213498
595,356,215.99861953097312
595,318,210.32576708079836
595,593,170.38306480101915
595,527,137.99620124380064
595,2571,127.39764847363706
595,589,102.51793599660505
595,480,101.95452554477025
596,480,105.3635227847535
596,110,102.97538562018265
596,780,98.81999888062529
596,296,94.88864242283279
596,318,87.69747880491508
596,1198,84.39396432885107
596,1,73.9164004173719
596,2858,58.58524046451215
596,47,57.14602371801341
596,588,47.1432748486094
597,318,141.91931103396627
597,2571,139.99742402953925
597,296,128.73565504038345
597,593,115.4144545133858
597,4993,99.50133432619548
597,527,94.29215241578775
597,5952,90.78840125792617
597,150,87.99753796267525
597,2959,86.43994096982787
597,592,78.86083252742313
598,296,234.66429942600044
598,356,233.43380907446777
598,260,208.78705622172637
598,110,178.26085151128188
598,318,176.89086235987995
598,480,156.46360118841852
598,527,151.21220894791045
598,2571,149.07724973483872
598,1196,125.99395165189193
598,589,107.02352372792353
599,296,83.63412642797668
599,110,71.42102803188254
599,527,56.57846960658478
599,590,42.65950489754818
599,1193,39.5589204913021
599,6377,36.764518108094016
599,34,36.66436533340195
599,231,36.24614005923971
599,7438,32.536949796109354
599,223,30.232020538068273
600,50,71.99016599982994
600,1,70.72176069543873
600,2028,64.70741762335679
600,3578,58.54457029848658
600,590,55.94513491989352
600,1580,53.65575082178997
600,6539,51.660062821634625
600,592,49.40614643799445
600,32,45.24825825841094
600,316,44.09473381353582
601,356,320.667791053658
601,296,309.7855848712524
601,593,273.60624649212804
601,260,257.81425572815886
601,110,244.21053405908947
601,527,221.59844757213673
601,589,203.76280095160394
601,1196,137.73822441978652
601,480,129.3443196256691
601,780,100.76869791455223
602,2571,102.85785237810333
602,260,99.06575416301389
602,2959,86.37119614254875
602,1198,83.97099850570817
602,4993,82.96513512999142
602,858,81.65175844746818
602,1210,78.83553251030949
602,1196,77.49742613152318
602,2858,67.61579576127001
602,1,52.32308695164706
603,318,123.29410901993535
603,527,83.16096061539625
603,589,81.6599395375805
603,858,81.13771320715324
603,50,77.2583908736464
603,47,75.55489372122655
603,150,74.54389986021796
603,4993,73.67522228348707
603,480,70.00472254844425
603,780,66.48659220188371
604,260,95.81937803924295
604,356,91.42409470814403
604,2571,86.2803537202511
604,1196,84.59728871933162
604,318,83.05401889455368
604,480,67.7439349724649
604,589,61.37727890161933
604,780,60.359524999163035
604,2959,57.83303553891039
604,527,55.181653231635664
605,1196,260.2591437769179
605,4993,243.43481647113126
605,2571,90.84327569696046
605,593,82.03953730920581
605,318,81.24372800791103
605,2959,70.28162685293758
605,527,66.44524509340636
605,858,65.26151064915632
605,2858,52.73287779143421
605,47,50.12324914386375
606,110,92.92943838134161
606,50,80.15270233857659
606,150,78.90283092157215
606,2028,72.8735837846005
606,364,68.2645602115651
606,608,67.84108835947569
606,1210,58.609668033890564
606,588,51.625847047829815
606,457,51.572426136343395
606,377,47.1604889492033
607,356,201.89505369061948
607,527,131.35486263675813
607,1196,127.22450085607856
607,4993,124.00609054444406
607,1198,116.00476213069783
607,5952,113.1640279831812
607,2959,92.11120538602464
607,588,92.04117687473041
607,47,89.21631982156744
607,50,85.65506606685517
608,50,89.12240217444483
608,593,79.49090497275384
608,1198,75.97116128216341
608,344,60.62507075316998
608,58559,58.43702946685588
608,150,57.33575475446227
608,2762,52.68904745682489
608,1265,47.62154419715324
608,1197,40.12794714607916
608,1704,38.14328512686895
609,2571,145.71852380702018
609,593,108.11160938923835
609,1210,108.09964300581723
609,2959,98.26518423152864
609,260,96.71161571576529
609,589,91.62831078447294
609,1196,90.51336662710243
609,527,89.84423296646969
609,780,81.34496811007394
609,2858,69.73047925045996
610,1580,66.13424840042526
610,858,62.92466162788996
610,380,58.66930869424191
610,648,56.18580529946973
610,150,55.655162023398745
610,608,49.1975843014331
610,588,46.19718635239053
610,364,46.16567034013899
610,590,44.76610858403812
610,595,38.68575874472479
