1,589,49.834346692364186
1,110,36.44357468915814
1,318,35.38844519411294
1,7153,24.783839981492456
1,4993,23.78899545258782
1,50,23.53726222727613
1,858,22.87905947527737
1,4226,22.398228490290364
1,5952,21.669951286998685
1,2762,20.737068007239987
1,588,19.165807853864287
1,150,18.39854196709066
1,377,18.145973165735725
1,58559,17.143811886903183
1,364,15.324005902962451
1,380,15.188443990910589
1,165,12.028566647581233
1,344,10.479057469285841
1,32,8.551865790198065
1,4306,7.528988952821313
2,2571,76.82348557213861
2,589,74.49172633816775
2,110,70.31033880391706
2,296,65.05603393945907
2,260,63.196844368563696
2,2858,62.59078134737201
2,480,52.407929084588716
2,1198,49.081160303503566
2,527,48.35141798890667
2,50,46.11428284830514
2,593,46.052431704373234
2,356,45.852521543879114
2,4993,40.97755096138936
2,47,36.04936663402163
2,150,30.34173809195554
2,2959,24.638163598370475
2,1196,19.694314149719595
2,1210,17.480424943473558
2,780,15.995841132301683
2,1,8.902582061879215
3,110,37.14256657989749
3,2858,36.82763270870917
3,260,36.65875641097492
3,318,35.040046689344834
3,589,34.39425715503204
3,2571,34.230380560504535
3,593,30.43988170826684
3,480,29.966729522056223
3,1198,28.333806030804283
3,356,26.274064081844763
3,1196,20.680655880820407
3,4993,20.063481959546774
3,50,20.039680083406587
3,296,17.954849755013672
3,150,15.142230824838391
3,1210,14.628759741243288
3,780,13.332871911883194
3,1,10.627733276504667
3,47,10.34824551051721
3,2959,8.153925735694973
4,318,34.34466364403951
4,110,32.2179147125126
4,527,26.876083900164513
4,356,26.48962256603836
4,589,26.389543416996048
4,50,25.39032290110271
4,2028,25.020251034458408
4,858,24.49706740358259
4,7153,21.856063062896823
4,480,20.866013166884393
4,1210,20.49871977417026
4,4993,20.129542910720257
4,1270,15.837733863023812
4,5952,15.39996739654526
4,150,15.23410556165797
4,1,12.404218336447624
4,364,12.080410531304649
4,592,9.679303631955086
4,380,9.165131772183381
4,780,8.30020166138134
5,2858,61.864378202390235
5,260,58.93922312807164
5,2571,50.75485418730687
5,593,48.63536610209801
5,1198,46.25520362904785
5,480,45.808824061244195
5,2028,44.94076696045122
5,7153,44.781894205770065
5,356,44.092081480599596
5,4993,44.01113775664442
5,858,36.799625358478494
5,2762,35.034396730070334
5,5952,33.33535131202629
5,1196,25.116400115764012
5,47,22.72158032411704
5,380,20.80828728046741
5,1210,20.52001910695232
5,780,17.272329544487274
5,2959,15.866756138759392
5,32,14.592902857023866
6,318,22.159985387740825
6,2858,20.21712384983844
6,2571,20.03753933762935
6,480,19.11895306747087
6,260,18.34632251143332
6,2762,16.2397606978383
6,1198,14.637469962429106
6,858,14.331458616477265
6,2028,14.176876869939505
6,4993,13.912635879695165
6,7153,13.827453505031775
6,5952,13.171327659903998
6,1270,11.505636903531437
6,2959,11.431436409712234
6,3578,11.309737700032702
6,1580,10.873516009349629
6,1196,9.401949655170778
6,1210,8.709492299758535
6,1,8.590028429306482
6,4306,4.988162573016988
7,2571,62.18846946856916
7,1198,45.9444220188271
7,110,45.65445923690959
7,7153,43.09160720288904
7,318,41.16898050457982
7,2028,38.35390791287622
7,527,37.37830009341278
7,457,36.247116075470394
7,858,31.386824971692022
7,296,30.138286909258856
7,50,29.187323861744694
7,608,25.957630874397054
7,1270,24.393335723843027
7,377,22.681819853559524
7,47,22.430221506130763
7,1580,22.305765212969828
7,1,21.79243693885007
7,2959,16.649319604397082
7,364,15.455663999268586
7,32,13.365084506172352
8,589,60.40709798736369
8,2858,52.200626169612875
8,2571,51.49147986491082
8,260,50.55449566304157
8,110,48.6822528236271
8,1198,43.93882169600726
8,2028,40.143164590245284
8,2762,37.58492399603605
8,608,33.54574872239896
8,4993,33.176279825717266
8,858,31.091571507327163
8,50,25.963263717216186
8,588,24.67457178395151
8,5952,24.53201163015754
8,1196,23.996607112695283
8,47,21.715566488445447
8,780,19.292016359157554
8,1210,18.97316021946236
8,2959,15.48939248280996
8,1,14.333955089837493
9,260,44.00296722595609
9,480,39.13991174823833
9,4993,34.32411840121229
9,2571,33.6397264108507
9,589,33.24726918090498
9,2858,32.50474734558671
9,50,30.091802166869332
9,318,28.94854271339934
9,110,27.422186293655923
9,527,23.714422171639715
9,593,23.619819688308983
9,1196,23.15729353610559
9,1210,23.15387438381459
9,356,22.90864794000396
9,296,22.760048039668227
9,47,19.983196945840767
9,150,15.873668098479138
9,2959,12.446578006134715
9,1,11.178205681034632
9,780,11.013781174249791
10,589,38.21724363209749
10,110,35.93426485459737
10,260,33.602091058571794
10,318,31.838387007408503
10,480,29.016813508719196
10,1198,28.94826586636593
10,527,28.070582347520073
10,593,27.000670109210592
10,457,25.202087100084132
10,608,22.38346061522076
10,858,22.1581607899842
10,50,20.17997662218063
10,1,17.718829565805276
10,150,16.137811555282966
10,47,15.564463204398308
10,1196,14.365091318901108
10,1210,12.775280776812465
10,780,12.209130592580552
10,592,12.153933145127294
10,32,8.55711748041501
11,2571,68.63394011645005
11,260,58.5017922206429
11,1198,46.88989407009662
11,2858,42.45606519030928
11,527,37.42872910972526
11,1196,35.79136995548512
11,296,31.865279651761483
11,858,31.780052593880875
11,50,31.05227719425963
11,608,29.873873172672578
11,2762,29.09736603656867
11,4993,28.360163269738408
11,47,27.70393259552255
11,5952,27.63656189507841
11,2959,22.315125367520018
11,588,17.318122903292988
11,592,11.69098460511169
11,1,10.785761610431978
11,32,10.465197378042165
11,364,9.082995686445484
12,110,43.31637829840788
12,2858,41.3896494225815
12,589,39.89122807837461
12,260,35.24864965762661
12,356,28.24705797198254
12,318,27.632118293359923
12,593,27.338028169128982
12,296,25.50968327424807
12,527,24.917315439691457
12,1198,22.666848498723304
12,2571,20.660891462684972
12,50,20.2045355941198
12,4993,20.179900695916206
12,150,19.272354779117336
12,480,18.799825447144958
12,1,13.358453301376112
12,1196,11.080070357125326
12,1210,10.419151569641356
12,2959,10.030160691904333
12,780,8.899246711025937
13,589,65.40556001364345
13,260,53.99602000369873
13,110,47.94343025800488
13,480,42.93387401483592
13,2858,40.795939507164654
13,318,38.4335582050121
13,356,31.944218918188984
13,527,31.490714866480577
13,4993,31.182616821052495
13,593,30.12646228365921
13,5952,27.058685355846194
13,1196,25.268461218145244
13,50,25.067366675050785
13,150,23.255882950349807
13,1210,22.700439853733993
13,296,21.31402625235391
13,2959,19.27973332939615
13,592,17.01367826624585
13,780,16.94441789905115
13,1,7.89387873657611
14,2858,59.34516298328055
14,589,49.12880037353488
14,2571,47.39120563007464
14,260,44.91541081629979
14,2028,44.90208849430026
14,457,41.68375176326974
14,2762,39.54172138681157
14,1198,38.61264076559074
14,480,37.674411268374506
14,608,37.170359140246916
14,858,34.134665987062625
14,4993,33.3939680909836
14,50,27.2893886639591
14,5952,25.53535951390799
14,2959,21.0026743893096
14,1196,18.795213421290228
14,780,17.26350303585415
14,1210,16.081983835851673
14,588,13.576308887304425
14,1,12.581176128103822
15,589,79.33198785318388
15,480,70.53401065235094
15,110,51.540090925140035
15,7153,45.4722369160314
15,590,38.201620671993155
15,457,37.119841528219155
15,3578,33.9959618335691
15,50,32.124576403986914
15,593,28.79624863481384
15,377,27.04718076714996
15,608,24.95677105455256
15,150,24.401780471588282
15,1580,23.404548543739367
15,858,22.865929358872748
15,380,22.175554193767862
15,367,16.973546071109883
15,592,16.53270880453295
15,32,14.585186364524406
15,648,9.458442246724545
15,344,7.701108256892862
16,110,55.59918398719041
16,589,48.50257968744954
16,356,42.5521336225944
16,2028,41.97541012691007
16,457,38.49879042900103
16,480,38.40796514498108
16,1210,30.532422696613597
16,150,23.706661727416645
16,1270,21.361386091621586
16,1,20.924199495027334
16,377,18.287442935360296
16,592,17.918437244477655
16,364,16.07114720295845
16,32,14.974817340842241
16,588,14.576055715175189
16,1580,14.515788914081089
16,780,11.967847601874158
16,380,10.770600864616439
16,4306,9.032715405246272
16,344,8.154385637424365
17,589,66.72201202452332
17,110,61.35095774511871
17,593,52.22180910600538
17,5952,50.56307981533973
17,2028,50.298789180069
17,356,49.77309643179462
17,608,49.3587459573063
17,457,46.4124240174083
17,3578,41.41675500622631
17,377,27.08230053926945
17,2959,20.65610227113164
17,1580,19.122309438024768
17,588,18.604495830719312
17,364,17.156661695950433
17,380,15.93166926887977
17,32,14.766730197429904
17,367,12.33191498801572
17,4306,12.221018834742036
17,344,11.234660350133229
17,648,9.080664319143306
18,2858,31.920410171135742
18,7153,28.58873609998639
18,4226,25.25088503825646
18,527,24.65974604192934
18,2762,22.878513311930522
18,2959,18.386393929817753
18,150,17.381339685245905
18,1097,17.119685183641007
18,1200,17.004574018100666
18,153,16.216666818257075
18,592,15.482022216324395
18,1089,15.158011391481889
18,165,13.491616085318983
18,2628,12.189558747877186
18,316,10.733310224890463
18,1265,8.34258299672538
18,10,7.228006485661733
18,1197,7.105036909013968
18,597,6.371426891364389
18,231,4.5366865486979036
19,50,18.741996944164413
19,110,17.05860626810803
19,318,16.835381568930533
19,4226,16.61636076522435
19,593,14.095223363389927
19,608,13.385683838573756
19,296,13.2359569254668
19,2028,12.645518712070084
19,5952,12.264273816424623
19,590,12.20031356421409
19,4993,12.01952824003655
19,858,11.916251514528616
19,7153,11.856996512898771
19,780,11.091930928202247
19,527,10.774676398523496
19,58559,10.428986852150075
19,150,9.827394419357974
19,6539,8.762857651774222
19,6377,7.691153179532359
19,4306,6.323108965265271
20,480,30.25348765744226
20,260,29.202650543971544
20,2571,29.148752556637383
20,589,26.29653921250917
20,318,22.225669386293042
20,110,21.661289002079332
20,1198,21.652777878848056
20,2858,21.62987273095037
20,1,20.028454262950028
20,50,19.70180126560992
20,1196,18.830313762168007
20,527,17.798937737279314
20,356,17.658963499655588
20,593,17.282232571033042
20,1210,15.647790700914715
20,296,14.90916461415803
20,47,13.08409782793019
20,150,12.292012332840436
20,2959,12.075731448961863
20,780,10.683278212966481
21,110,28.51203318437912
21,50,23.523627009497098
21,2028,23.042912938793602
21,457,22.90841435606921
21,318,22.003683986551245
21,527,20.821117957737098
21,380,20.249214230201762
21,590,20.140850451278563
21,4226,19.02515760125371
21,377,17.694656841508788
21,593,17.32138277688545
21,47,15.419037011461025
21,780,15.235643775520689
21,608,14.932113915380118
21,6377,14.901026943522757
21,150,13.81509732132277
21,344,11.502686198822577
21,595,9.220785770517477
21,32,9.086798077471894
21,1197,8.122783631542232
22,2858,60.54069210491603
22,110,51.534687377246556
22,260,49.856892209396435
22,296,46.88419041830644
22,593,45.763203836132746
22,589,44.90986488980475
22,527,43.860039399925974
22,2571,42.84808624451679
22,5952,41.76260150243786
22,1198,36.92399292900603
22,457,35.52556227282422
22,480,33.2992265440924
22,50,29.323848383650883
22,47,25.688128207522613
22,150,23.86069227752988
22,1,21.687057877279234
22,1196,19.434096168278117
22,1210,16.409950298446997
22,592,15.80083629992551
22,780,12.2080838684587
23,2571,39.99524137970172
23,2858,39.553179942886786
23,318,39.164816980124776
23,110,36.76568501746234
23,260,36.57123439533894
23,593,35.66141898404531
23,589,31.00052861274759
23,527,30.87878379064822
23,356,27.581552982554967
23,1198,26.87219797085399
23,480,21.89280766293141
23,4993,21.665341968998533
23,47,20.899862666057892
23,150,20.484713401404314
23,5952,16.260433992469356
23,2959,14.68498283467843
23,1196,14.553554354317118
23,1,10.87690403834538
23,1210,10.23750504723
23,780,9.628255367015266
24,589,55.04681876813204
24,260,49.86448565688607
24,480,46.64008315375782
24,110,43.31818310862647
24,2858,42.37444505007457
24,1198,40.69241745623634
24,527,31.359812825979816
24,2762,27.48823961218051
24,858,27.089256206449996
24,4993,26.869502151019006
24,1196,25.185738529727555
24,1210,24.01128015900418
24,5952,23.102283648182407
24,150,23.03393504975508
24,47,22.009121397712132
24,2959,19.131182299560493
24,592,17.8471783173377
24,1,14.588201516634296
24,588,14.408738481663212
24,364,11.37889802368776
25,480,112.17053438465913
25,589,111.04441580536162
25,110,101.47361130215901
25,2858,87.13689998458491
25,1196,82.53591729120474
25,318,81.29604842744358
25,457,76.75858057846241
25,1210,72.31309222453005
25,356,68.97773125102562
25,593,57.78131352869334
25,296,55.406143085292584
25,858,46.950251763767426
25,150,41.51914325598693
25,47,40.9958023935773
25,50,40.740838303662
25,592,37.69510079076535
25,1,36.82984924788165
25,780,24.252837791592146
25,2959,22.83721316855469
25,32,21.933793966121865
26,589,90.53030015184365
26,2571,66.83014534101183
26,2858,57.455722303070516
26,318,53.78702241761008
26,110,52.81846697233821
26,480,52.25586534688824
26,260,47.856630761345436
26,527,40.61195484677318
26,1198,40.34223758726213
26,50,38.711645768152785
26,858,38.38267624847503
26,150,36.64114426399186
26,4993,32.20416740623146
26,5952,30.07363318178891
26,2959,29.690557536581743
26,592,26.34579811091616
26,780,23.260060882627553
26,1210,19.629991431830895
26,1196,18.582368057358668
26,1,9.039206208924695
27,589,54.44187896805645
27,2571,48.18452799589721
27,110,41.306844661523584
27,1196,39.373868759455185
27,318,36.2666560196545
27,527,34.949265424615945
27,356,34.1821838641241
27,2858,32.5158388890797
27,593,27.821038217877614
27,4993,26.024052867505244
27,457,25.367127751286844
27,150,23.92779816174403
27,858,23.611236465032622
27,296,22.17322246750429
27,5952,22.015720493857092
27,50,18.901140877636454
27,592,12.98542321190049
27,47,12.984634133196325
27,2959,11.393466818570417
27,32,6.058148454912432
28,79132,19.523256807317807
28,150,17.02534066087189
28,1721,16.687104428618728
28,1270,16.33282535553312
28,380,12.540933321604104
28,165,12.43404358833015
28,500,9.906791762826199
28,588,9.182453613295381
28,1,8.758039408966512
28,344,8.728811028864586
28,648,8.474353966433998
28,6377,8.37058083428768
28,364,8.078847679704538
28,367,7.652383973931122
28,595,7.5963816025786475
28,1265,7.314248366263618
28,10,6.809069386026402
28,4306,6.470532426533174
28,597,5.764320741248563
28,231,3.4619845300252914
29,110,72.58690564777763
29,2858,69.93455580708405
29,260,69.81502889464151
29,2571,68.19688645986501
29,589,64.39471925681174
29,527,59.19762556169581
29,593,56.55706033084449
29,480,55.52867269756708
29,608,54.563733956912756
29,457,53.779433756345654
29,4993,39.92085912352247
29,5952,33.45521394500767
29,1196,29.91948027806127
29,47,27.315142692434023
29,1210,23.983255245655368
29,2959,20.493351877439075
29,588,16.381274093663595
29,592,14.990515736587742
29,32,14.563305211649704
29,1,11.640807699900359
30,260,137.36495928528905
30,480,99.76587796664656
30,457,62.40239918616228
30,356,50.770797911621024
30,527,49.384875107755306
30,2858,48.014480002226534
30,593,38.340361805458194
30,588,37.44014604237348
30,150,37.341331720024556
30,1,34.22588874726668
30,592,33.70114212126123
30,47,32.31206760177862
30,50,31.845592011082655
30,780,31.00644584372456
30,296,29.166262831911347
30,608,29.11966798328926
30,858,28.31854913173686
30,2762,27.69241667501269
30,2959,24.511333483266057
30,32,14.723101757333751
31,260,66.08696871213208
31,2571,53.523558892108404
31,589,51.9668916580282
31,480,48.211486463282704
31,1210,37.81716738195175
31,318,32.34903492975489
31,296,31.615261083802334
31,356,30.960421313984718
31,110,30.20476300957416
31,2858,29.4180220507377
31,593,26.100184191712316
31,150,25.878034695454684
31,527,25.796929969862333
31,50,22.340653272783054
31,4993,21.91476510540753
31,5952,20.508335336575865
31,592,16.48846331582313
31,1,15.570355130285295
31,47,14.362136593996658
31,2959,14.260580719644711
32,2858,31.404186329081938
32,589,27.820708850913512
32,2571,25.952800060197273
32,110,24.235605723781635
32,1198,23.01016588612258
32,1210,22.84407511130605
32,356,22.66758818889922
32,858,22.220710555918153
32,457,21.58498033156668
32,480,20.81928683663882
32,2762,20.609168739965774
32,2028,20.296599906692656
32,527,20.109957527541155
32,4993,19.53441400557808
32,47,18.986566348245
32,5952,17.363989142150654
32,150,15.593159833278168
32,2959,11.967590920876056
32,364,8.467724224235285
32,588,6.7633535362911115
33,2858,45.145621163301584
33,260,36.654600744332775
33,318,36.19231635869801
33,608,31.18729881953656
33,527,29.988933605234767
33,858,29.163677900958646
33,50,26.76165756385865
33,1198,26.68283207790479
33,7153,25.30017184148547
33,480,24.550735340612952
33,4993,22.97626430104873
33,47,18.354791229022453
33,5952,17.743567099571656
33,380,17.18677259392067
33,1196,16.510290097590037
33,1270,14.971681953592041
33,2959,12.972201022038046
33,592,9.699786293800335
33,780,9.236246518597918
33,364,8.601320176327116
34,480,46.25173639257019
34,260,42.55714802408646
34,1198,31.258375152050792
34,4993,28.988997114414364
34,296,28.427187999967764
34,50,26.011918172998183
34,1210,25.369568400372287
34,1196,24.228422971949648
34,457,23.362458113134288
34,2858,23.07920958075421
34,47,19.8576039413234
34,593,19.53345069507331
34,527,18.189264686616536
34,858,16.745955784664783
34,608,16.299729566518106
34,150,16.1379547683526
34,592,12.87844874242803
34,588,11.833487000713054
34,1,8.848842541580852
34,32,6.556609144264111
35,318,41.61923887466172
35,260,39.0528966752487
35,110,38.72905348972252
35,2858,38.60701027351731
35,589,34.90573782402794
35,593,32.05049705687328
35,296,31.686033915945245
35,527,31.391005702414017
35,1198,30.938439927899083
35,356,30.72021274253295
35,2571,29.54433676100955
35,4993,24.95214290609808
35,480,23.37132018857569
35,780,21.1463749548419
35,1196,20.13320145149059
35,47,15.667525753867995
35,1210,15.574444758682116
35,5952,15.123362328791101
35,2959,11.91095354699221
35,1,10.142084441440673
36,2858,50.496930135061774
36,110,46.644868282519745
36,260,45.9696696097982
36,589,36.58651100411427
36,593,36.13390087340846
36,2571,36.11002693058873
36,1198,34.94395601657012
36,356,34.88254188891809
36,527,33.97809492493127
36,50,31.171662937264145
36,296,29.978121593302784
36,47,25.114950444280165
36,4993,23.51104495530237
36,480,23.26717181027661
36,150,22.03392505891103
36,1196,18.94071322115887
36,1210,14.722477213039465
36,1,14.373442968674757
36,2959,11.752510814179951
36,780,9.169952834220409
37,589,76.46933656854702
37,260,56.24453350415918
37,2571,54.85204860894893
37,2858,54.49035267999425
37,110,52.44954183901444
37,480,45.71379973595996
37,1198,45.063086839716924
37,356,44.15539032779091
37,527,41.374101454256696
37,457,40.40696821387209
37,858,36.647053721403054
37,47,33.87803945518733
37,50,33.44191037544308
37,780,32.22548093063156
37,4993,31.309609884460126
37,1196,28.00024440360404
37,5952,25.194408860193757
37,1210,23.84902158241697
37,1,19.037473737494693
37,2959,16.796219155507906
38,589,51.21727710305632
38,2858,42.6581188089258
38,2571,39.21077451311993
38,260,37.51113912123354
38,2028,33.53429100935234
38,1198,31.175639939065736
38,2762,28.661228344231798
38,4993,28.460524051060506
38,608,27.880040649581346
38,858,25.09637549755655
38,50,22.10886509413591
38,150,21.868348661749927
38,5952,21.558411048272987
38,1196,18.656685524755222
38,47,17.162991164505755
38,2959,15.884713478756751
38,1210,15.218171345331065
38,780,13.428596102469097
38,1,12.705066823153476
38,32,10.584106859357373
39,2571,54.02533385631743
39,480,48.8252069509491
39,318,45.633662620743436
39,110,39.701624033139574
39,356,35.11846039148778
39,2028,34.58197413104833
39,527,33.4303596354888
39,858,32.19638411275366
39,2762,29.32958548564815
39,7153,28.458399718616203
39,4993,27.645507305743966
39,5952,24.093872849019515
39,150,23.141522486876912
39,377,22.581204856803502
39,380,19.272288065513695
39,1,18.61006480405929
39,1580,17.82341690209441
39,2959,17.322213871333684
39,780,14.42277963716252
39,4306,8.589773551843017
40,589,32.30659942807854
40,2858,26.049088836340264
40,260,25.242958549453736
40,2571,24.571484381418028
40,593,23.174149121251205
40,480,22.96557290738916
40,356,19.986859202285387
40,527,19.348591184744674
40,1198,19.134254747227295
40,4993,18.259141521526217
40,858,17.717211476764213
40,50,16.208764589917998
40,1196,14.919734151501082
40,5952,13.952767763757285
40,592,13.508550333876023
40,47,12.934246134248658
40,1210,12.535369383799551
40,780,11.336721527166018
40,2959,9.43231307879146
40,32,7.987295326541218
41,2858,53.163805353773434
41,589,45.23508627296985
41,110,43.509285684355355
41,260,41.91442991414412
41,318,40.538605129959834
41,527,33.72530879782935
41,1198,32.702022514363385
41,858,31.793298590328025
41,457,30.034824017026615
41,480,30.00851626489625
41,4993,28.431697802105226
41,150,22.430045584020387
41,47,20.51947644759094
41,1,16.47861032118827
41,1196,14.464739110256527
41,780,14.228738300128338
41,592,13.798250151421794
41,1210,13.56746794176651
41,588,13.217500486984546
41,32,10.779669443067194
42,589,31.438012630744645
42,2858,27.388237501121527
42,2571,26.894633352414516
42,480,24.31397094771268
42,1198,23.63161906653536
42,608,21.037914169729
42,4226,19.710576068297037
42,2762,19.006654367646355
42,1270,16.693500706632825
42,7153,15.698241922370169
42,4993,15.154602492679548
42,380,14.830930939412713
42,377,14.797753728545796
42,5952,13.143114627371189
42,588,10.512761302535331
42,1,9.653149979612337
42,367,9.005539135851723
42,364,8.229048571359561
42,32,8.164953560952645
42,4306,6.9177070586101435
43,2571,34.30629657560899
43,260,30.216702595202133
43,2858,25.128814617641602
43,1198,23.813288309239713
43,593,21.533718725456655
43,2028,21.04594141562592
43,527,20.78794607256591
43,2762,18.928818736063064
43,4993,18.74095234554628
43,50,18.502504685872264
43,7153,18.368359044385013
43,1270,17.892697135341084
43,1196,17.881879370238547
43,858,16.1137103334034
43,608,16.060593435291956
43,1210,16.018841192767606
43,5952,15.680235945304865
43,780,12.973483133895126
43,2959,12.65682438109927
43,32,9.19946296313012
44,1196,44.64348777908387
44,2571,31.069844963171967
44,589,31.0315861610586
44,480,28.58645998323455
44,1198,26.621543731728373
44,296,24.98062615568879
44,50,21.34619079288998
44,318,19.066490424004275
44,47,17.783340702487777
44,356,17.452583723746418
44,2858,17.354126576523708
44,593,14.738819188867225
44,110,14.489274223431307
44,2959,14.14792600798615
44,592,13.688452229838479
44,150,13.683374252369724
44,5952,12.356991157168911
44,858,12.302052132515266
44,4993,10.932908746137278
44,527,10.345609692953918
45,2571,35.793463253241775
45,318,28.61361924287884
45,527,22.162653828663256
45,7153,22.140341809511213
45,608,19.37974456065774
45,4226,19.126971412589846
45,5952,19.021120647534257
45,79132,17.46751947127263
45,377,16.922135670697102
45,47,15.724690273042576
45,1214,15.471439451499684
45,58559,15.190906438346572
45,1193,14.407889892077016
45,153,14.3285103761891
45,1089,12.55545673771806
45,592,11.026220196965525
45,316,10.744115979167312
45,293,9.306689259803324
45,6874,6.838350765506407
45,10,5.784389159051495
46,589,59.14421586127883
46,2571,42.20852565058027
46,260,40.698443557578294
46,457,39.57105825445465
46,2858,38.514219927544744
46,480,36.33986793618674
46,1198,32.05329337228257
46,356,30.329363777976667
46,527,30.1250607572017
46,296,25.740373841283393
46,858,25.02910173456692
46,4993,24.65033943449293
46,47,23.39785947635771
46,1196,22.051487583697668
46,150,19.689437738613197
46,592,19.428568915198305
46,5952,18.857473796925166
46,1210,17.39038771702176
46,780,17.25418520501047
46,2959,15.124741535131937
47,2858,61.55454915413267
47,110,53.457782907588005
47,589,51.09560395371513
47,260,45.057627966567544
47,527,41.5127622143176
47,2571,39.53071354536527
47,296,38.088315145365165
47,1198,36.524977164586616
47,457,36.21703560488675
47,858,35.38599077927505
47,50,32.1362757502851
47,480,31.952989409874686
47,4993,29.328482339870764
47,5952,22.141302404596352
47,1196,14.400683146349909
47,1210,12.969405325190426
47,780,12.822369685944748
47,32,11.957469610624054
47,1,10.7027253496422
47,592,10.329359604917896
48,480,58.3493838704572
48,589,57.89423905454365
48,260,53.11443035307539
48,1198,41.50407930353242
48,50,36.618070837914644
48,110,28.745860725240025
48,1196,28.26587515223633
48,356,27.28876637331851
48,1210,27.195769506759568
48,4993,26.97827986590588
48,5952,26.25255070591095
48,318,25.932141633357414
48,150,22.799353187256354
48,593,22.627896431144983
48,47,22.581432603807624
48,296,22.327539815729768
48,527,21.906617889327446
48,2959,20.449336729601164
48,1,19.546131965872725
48,2858,17.90801768640485
49,589,114.54840181598598
49,480,104.96412985507943
49,260,100.11539095579684
49,2858,77.00077946391691
49,1198,76.47322609781511
49,110,76.33209770128045
49,4993,61.17146368226938
49,593,55.24891649016966
49,5952,53.40842235634722
49,296,49.62766762029777
49,150,48.71923804667304
49,858,39.959444219767995
49,1196,36.161023285576775
49,1210,30.040678171532655
49,780,29.545159050098828
49,1,26.009944635992063
49,2959,23.727850462158155
49,47,21.11949858536261
49,50,21.02207031493416
49,592,18.185965787214826
50,589,33.48940250341085
50,260,32.356670562942625
50,110,29.441510862624188
50,2858,29.27231542455011
50,480,28.48952358227919
50,527,23.1036758395049
50,858,20.93722544636068
50,457,20.07609562183788
50,50,19.323428336698278
50,4993,18.062047092737192
50,2762,17.274562540170884
50,1196,16.502143406319274
50,588,15.17050364186233
50,5952,14.85811287950886
50,1210,14.323634060634863
50,150,13.792391340504667
50,47,12.704476637657791
50,592,10.999503804073793
50,780,10.289822059220636
50,32,6.968157934528762
51,2571,29.56293786837077
51,2858,23.21422668787807
51,480,23.102377105816053
51,318,23.02507266935332
51,110,22.45745527433919
51,1198,22.190509451614034
51,296,20.908863684662485
51,457,20.636534447436706
51,50,20.412851718123452
51,356,19.152856905230163
51,1210,17.359077724498924
51,527,16.70699123488712
51,47,16.28402345172538
51,4993,15.713150245630427
51,5952,13.800382461200737
51,150,12.994235740641194
51,2959,12.023636252643595
51,780,11.816581128777973
51,592,10.871036442456727
51,1,9.411714352989176
52,589,50.55592378543602
52,110,45.47494243816609
52,5952,38.894835510418716
52,4993,38.801340099048794
52,480,38.269185609272746
52,1198,37.96035021278111
52,2858,36.9073703763077
52,457,32.53357342924118
52,296,30.73723301513083
52,527,28.186672865081427
52,593,27.1666751292503
52,608,23.717163196059722
52,50,23.57281080187115
52,2762,23.46621698889278
52,858,23.057210649283192
52,47,22.40729115702174
52,1,21.72766209336738
52,592,14.91899394602586
52,780,14.458017976585568
52,32,10.822270612547529
53,2858,29.126654316224148
53,480,25.79099180437327
53,260,25.187073010709998
53,110,23.98928362271291
53,318,23.305407087274332
53,50,23.214442452440295
53,593,22.618003651341226
53,356,22.57626720644852
53,527,22.249015096384422
53,589,21.54247827718613
53,1198,20.993006316420576
53,2571,20.92668649361548
53,296,16.742303701142855
53,4993,15.291159539995299
53,1196,12.600545215304155
53,150,9.215415961489816
53,2959,8.990155043097673
53,1,7.47206410751061
53,1210,7.358266660574553
53,780,5.737629183598177
54,2571,66.91335194313446
54,260,63.1510685474919
54,2858,59.525939714100524
54,2028,52.65357857353594
54,1198,50.95255239145681
54,527,49.99292021401561
54,457,48.103475893662306
54,7153,43.53678449520562
54,4993,40.35067546521738
54,858,39.37739665734538
54,2762,38.60252717744971
54,608,36.69725322879716
54,1270,33.45033609870615
54,5952,31.36363678541191
54,380,29.748636241416957
54,1196,28.32488304388128
54,364,25.508790211397834
54,1210,25.122801867615028
54,2959,24.74370125818871
54,780,23.07531562083781
55,110,60.97986141029316
55,2858,57.02214332336979
55,260,51.48018495897269
55,2571,51.373360422304124
55,318,46.66925386857168
55,593,45.34644880987176
55,50,43.79922933199312
55,527,42.072621912096395
55,356,41.13560276830886
55,1198,40.516728569892884
55,296,40.129464019143846
55,589,36.933791355185605
55,480,33.45777464615481
55,150,31.969736448274055
55,4993,26.787092356171147
55,2959,17.34106128795647
55,780,15.754861241873641
55,1196,15.209822146274286
55,1,12.65292350602451
55,1210,10.240757824293903
56,2571,57.00631539449894
56,260,43.70274026594118
56,1198,36.72476935535109
56,2858,32.267361671448455
56,527,26.993318436912837
56,50,26.907052904124264
56,593,26.512351169728166
56,2762,26.064562324721006
56,4993,24.135037922727218
56,5952,23.581892127626205
56,1210,23.532088059056786
56,150,22.418476348348616
56,1196,22.37292525630681
56,2959,20.838920367392344
56,608,20.67706539483562
56,858,20.189591393894723
56,588,19.66040793337669
56,780,16.11313942495118
56,1,11.87232053296465
56,32,11.490216194918961
57,110,37.40738717403263
57,318,34.35338899645298
57,7153,23.109427411233693
57,4226,23.0925147165091
57,4993,21.577920640735634
57,79132,19.155664420654315
57,150,18.761376508112317
57,1214,18.51428948565266
57,5952,18.19448921160169
57,58559,17.780920847575562
57,47,17.668931688433553
57,2959,14.221739473921492
57,6539,11.873583021658687
57,165,11.67954533696338
57,1089,11.379769171289333
57,344,10.581180596283836
57,6377,9.417931529390467
57,293,9.20395249057152
57,4306,6.5236171255419535
57,231,4.963671102798681
58,589,38.41641260414923
58,2571,34.50092964688388
58,2858,33.28677782404387
58,260,31.802890980709442
58,593,31.217447823141647
58,457,26.694674600742907
58,1198,24.811265448407514
58,2028,24.643321142748643
58,2762,23.974369174560888
58,608,22.690123296281094
58,858,21.080937927414823
58,7153,20.80373354935985
58,4993,20.388436904159203
58,5952,16.63067895542014
58,1270,15.80447778359228
58,1196,15.066170290420473
58,2959,14.441484538223593
58,1,12.780478679476385
58,1210,12.539274697174625
58,4306,6.225882125186348
59,2858,66.09839921135121
59,318,63.25019411782671
59,1198,61.84937111455591
59,356,51.54272748273306
59,457,45.63447664516752
59,7153,45.553692149057525
59,296,44.28768853966841
59,2762,41.566261137771725
59,4993,40.470266729507166
59,50,32.85419211419701
59,150,31.168537500919754
59,5952,31.059915130903214
59,47,29.011593589859856
59,2959,20.430773212641594
59,588,17.45186332003889
59,592,16.810893413070243
59,380,15.836397882368976
59,364,14.576381122222275
59,1,13.877419916452492
59,32,12.253808082860948
60,110,60.99426553050269
60,2858,53.733066562026856
60,527,49.64776594950244
60,260,48.376423513758674
60,296,42.963882698871345
60,593,41.59507082447937
60,589,40.40136442852115
60,480,38.91624289759994
60,356,38.840041660822706
60,1198,38.61041463449812
60,4993,33.330608876421785
60,2571,33.29069845243604
60,47,33.17414507837946
60,150,26.235650020981
60,1196,21.947235785590223
60,2959,20.23278070882946
60,1,20.163111786592548
60,5952,18.740970039634107
60,1210,15.224871194108784
60,780,8.388913189457865
61,589,61.553533557702366
61,110,53.4844677461116
61,2571,51.67107648649689
61,296,51.00625303514611
61,260,50.93730999097655
61,2858,47.82429647685928
61,1198,42.457974201419226
61,858,40.04594712744138
61,480,39.59939585638511
61,593,39.23688888674577
61,356,37.749682530346476
61,527,37.37193866016082
61,47,34.04245679809471
61,150,22.901940676875665
61,1196,21.14951730625661
61,2959,17.469648282490056
61,592,16.979617213663495
61,1210,16.111863922271837
61,780,14.868790148364667
61,1,13.130342780431917
62,589,48.9866253034327
62,480,41.06060058567239
62,2858,32.6450067870044
62,590,29.65995390046498
62,457,28.918694148930808
62,50,27.837370063407583
62,4226,25.650747954941444
62,608,23.06942150915441
62,2959,19.675535833425563
62,377,18.071373536684348
62,150,17.69309152751907
62,592,17.658279835807452
62,380,16.058019103181874
62,367,15.391286533015071
62,780,14.918321203959422
62,1,14.881152377865423
62,588,13.661917527533715
62,648,11.540205814934307
62,32,10.549668700258044
62,364,10.185893169160236
63,590,35.08186077774508
63,457,31.203827810396586
63,593,29.87348799696375
63,296,29.03868193197064
63,79132,27.910328941315814
63,4226,27.709694768006774
63,2762,24.55919987897174
63,1721,21.565101388343006
63,1193,18.96213113282541
63,6377,18.3260338470699
63,2628,18.060504962898733
63,6539,17.606008414214884
63,380,17.105024525570123
63,1240,14.317663281613223
63,367,12.814248852182939
63,316,11.614480635460923
63,344,10.349023124344015
63,1197,9.652209355816618
63,6874,8.220017563608579
63,597,6.258144394124809
64,590,28.91776169194767
64,1198,27.612490967122294
64,457,25.330568573380084
64,3578,22.610216866511106
64,79132,18.202393386576553
64,1270,17.440017818831695
64,58559,16.961703408072232
64,150,16.9010113719863
64,1721,16.752193952984598
64,153,13.93975319517886
64,380,12.724046582335886
64,595,11.45844757877301
64,592,11.234324650828253
64,165,10.820957312852004
64,1291,10.726856056850512
64,367,10.523865306668457
64,1197,9.419070063853988
64,2628,9.297192204122611
64,648,7.996308281045601
64,10,4.794416132151816
65,2571,94.11265371368388
65,5952,94.10649877507333
65,589,73.82388612450501
65,110,71.06830293474677
65,2858,65.03991531936128
65,260,63.41526219695138
65,480,58.30050341065403
65,1198,53.427617758400345
65,296,52.527384624638444
65,593,48.84617593286677
65,356,48.01655695877463
65,50,37.88304006428997
65,858,37.41420996992227
65,47,35.49948892343658
65,150,34.07273165822588
65,1196,25.1236372968202
65,1210,21.946342080224788
65,592,20.969909786306104
65,780,19.719317143235546
65,1,10.820970632786816
66,2571,34.00515267172133
66,110,30.698776780964888
66,356,24.362165249571504
66,527,23.145513169669254
66,858,22.20524039162968
66,79132,18.177043243153616
66,1721,16.853982356363097
66,150,16.850316445073982
66,58559,16.428285753436285
66,1580,16.13304166279985
66,377,15.896359460163298
66,165,12.530395967406424
66,344,10.462568831644187
66,588,10.246297596995024
66,367,10.169491117035065
66,364,9.600242612334998
66,648,8.694305710091843
66,595,8.598331265452684
66,597,7.42745132488023
66,231,6.5512998163017215
67,480,93.83706123687136
67,4993,87.34885828910268
67,260,75.58275529911586
67,110,75.5658659494285
67,1198,68.69767933291185
67,527,53.34403077921214
67,457,48.03361034561417
67,593,43.45564109072818
67,1,40.55255761844939
67,50,38.668016986994665
67,1196,35.58047348947799
67,858,35.53233166336369
67,608,34.82656304651707
67,1210,34.44169969811328
67,150,33.62143077196119
67,588,31.721269977562056
67,47,30.119782504666006
67,780,22.039350891482858
67,32,14.409121693302568
67,592,12.2667416534708
68,296,19.742766399590483
68,5952,18.758892905953733
68,1270,15.800565974562144
68,2959,14.941522403300363
68,4995,12.947995920578439
68,1221,10.984870158842599
68,364,10.024928856709368
68,111,9.490292787152438
68,4306,9.35882263893178
68,316,9.08578302827476
68,733,9.079799857722358
68,1258,8.526763974145886
68,32,8.48204525926727
68,349,8.378522265372572
68,434,7.800283253333633
68,161,6.755134021741638
68,329,6.487065895148078
68,357,6.018411821875682
68,44191,5.112801169694799
68,778,4.714059505186154
69,480,68.95213082216804
69,1198,65.74297621992886
69,1196,64.16872378644561
69,110,60.86031865792961
69,2858,57.13035069834534
69,2028,50.7271842213114
69,608,47.589087498022444
69,527,46.699938941465014
69,457,44.11864007559611
69,150,38.93050062241973
69,4993,38.27621712698694
69,858,37.857236937290494
69,5952,35.20293432138247
69,47,29.604327982599294
69,2959,21.891069654743887
69,780,20.683317072063563
69,32,18.927535046922745
69,588,17.446851092065096
69,592,17.412818187046337
69,1,16.862594470835955
70,593,80.92645808843876
70,110,80.67665268540787
70,260,79.10852278885537
70,296,65.32191751694516
70,1198,56.94818771762302
70,589,48.793043654906086
70,2571,47.54720265717146
70,457,46.69901937444103
70,4993,42.15293640787169
70,480,41.9297858007666
70,50,35.65187519388246
70,1196,33.862730726026705
70,5952,25.797447024433975
70,47,21.258227774505208
70,1,20.446171390210843
70,588,17.719904107750374
70,32,15.18446735262527
70,2959,13.9541055852625
70,780,11.055212377587807
70,592,9.993750749145846
71,480,68.69199374292397
71,2571,63.75062024736425
71,1196,62.56569986411578
71,1198,47.323355207538384
71,50,33.154049816055355
71,110,31.833871799570943
71,318,29.854370898346854
71,457,29.34201811362469
71,356,27.930755495068187
71,296,24.729782455695712
71,47,24.44853050915138
71,2858,22.738374178198747
71,527,22.22613484764941
71,4993,21.767383457062405
71,5952,21.120158931595533
71,2959,20.25006134472342
71,593,20.03233854865247
71,150,19.4699447139627
71,858,16.112585991270006
71,592,15.162607556788235
72,2571,80.37990061519186
72,480,68.41419705967827
72,2028,64.80919029238999
72,858,62.304853326758014
72,7153,55.24654619892503
72,3578,53.89427107951027
72,2762,50.98306911996256
72,4993,49.06493123786223
72,608,47.32413800702153
72,4226,37.560593653362105
72,5952,37.07024048830157
72,380,32.938609165916205
72,1580,28.381892208947406
72,588,23.38447521789925
72,2959,21.77407409373579
72,592,21.311468962492253
72,364,18.006915066188736
72,1,16.38763816781631
72,367,13.728013550779364
72,4306,7.984848256514291
73,589,35.99820787892491
73,2571,33.69935107978312
73,2858,29.517069637709117
73,110,27.613296266912606
73,480,26.906008464002678
73,50,25.56159672815511
73,318,24.370959686008565
73,1198,22.893440887052574
73,356,22.24253358059401
73,296,21.532518030890234
73,593,19.5507842405806
73,4993,19.21353564410915
73,527,17.831918679415633
73,2959,17.282001235472208
73,5952,17.217560627942
73,1196,16.388165064413112
73,1210,15.037810297055126
73,47,14.902825917977282
73,780,14.07934509134216
73,592,11.807441203145197
74,593,49.9881736659591
74,318,47.85003390049652
74,110,47.17842507921958
74,527,40.6000557685127
74,260,36.935358415713196
74,356,34.4673484977644
74,50,30.88699474908383
74,1198,28.814323246409444
74,4993,24.14661561407792
74,589,23.896442146365604
74,2571,21.001301781156595
74,150,19.882695400180367
74,47,19.824884776901627
74,480,14.508729283886876
74,5952,14.231335555772413
74,2959,13.13811932717088
74,1196,11.460286301290733
74,1,10.732423181033894
74,1210,9.123455031720415
74,780,5.589252380238106
75,589,94.27303284933353
75,480,66.96592146847229
75,110,63.81475013534438
75,1210,60.75112742484579
75,318,54.52893280890541
75,527,51.10878556932845
75,2858,50.89484140155106
75,356,47.6331457046309
75,593,46.673996980849516
75,457,44.40255529881542
75,296,40.44849508796515
75,858,37.358678722055586
75,150,34.59817172918978
75,608,34.424110780087894
75,50,29.349428863894346
75,588,22.217818206422574
75,2959,19.591482955539817
75,780,19.203529171102417
75,32,17.857579862597053
75,1,17.60488996159091
76,110,51.99183329691781
76,1198,44.48637207351586
76,4993,43.73987030384936
76,527,40.0727057460893
76,2028,38.36696285181777
76,457,37.684122158874445
76,1210,35.38205210072715
76,3578,32.44643650380274
76,50,29.786309947198905
76,1270,25.02780372121119
76,377,22.522817994502333
76,150,21.83828023938143
76,1580,16.564764185675568
76,364,14.866156047828136
76,780,14.428847865221545
76,380,14.174261097282667
76,32,13.11121048675132
76,592,12.975155376697446
76,4306,11.982465733799799
76,344,11.04788371249211
77,589,117.06104403693772
77,480,112.9667230244481
77,110,77.44523358111354
77,527,66.56840869327263
77,457,64.17855303822743
77,318,63.35499271034286
77,2858,62.81297445776525
77,356,60.16009406588889
77,593,42.43979978753336
77,588,38.8521210012777
77,296,36.86852765709904
77,150,35.58467919938034
77,858,35.30963242293449
77,592,35.05473091766639
77,50,35.003228544646056
77,47,34.01422647710375
77,780,26.51213160402825
77,1,23.90253081465507
77,2959,20.074563810765465
77,32,14.771361084800601
78,589,103.48544373409285
78,1196,43.97444856104801
78,110,43.96128451635058
78,1210,37.95762930457891
78,2028,37.75319144149931
78,457,36.92158421217447
78,2858,32.20298882109548
78,7153,31.252010936518015
78,527,30.657425804437164
78,5952,29.25271594252726
78,4993,28.4244995797177
78,50,28.404970183808555
78,858,27.25718310689472
78,2762,26.063171111925648
78,2959,25.436767161136814
78,47,22.409156233256656
78,608,22.130440593927094
78,588,18.85361797438077
78,592,16.405194118631997
78,364,10.909072603730563
79,480,61.361368372240996
79,110,60.5940903515239
79,1198,54.904761745914996
79,1196,53.4049567150301
79,318,45.94619192169649
79,527,40.19375321624355
79,356,38.794770877248965
79,2858,38.67280786442859
79,593,36.46372041120544
79,4993,30.128137129083598
79,5952,29.410594576438974
79,50,28.2319594511318
79,296,27.811342832826707
79,150,27.4947627159969
79,47,24.76427220384199
79,2959,19.50222732763822
79,592,16.82528514457113
79,780,16.446088429182485
79,32,11.321882891360351
79,1,10.650324450976688
80,589,44.60504578399042
80,480,34.50855893883758
80,457,27.33389195879191
80,260,26.852192373334123
80,47,26.808560727065654
80,110,26.136884844514096
80,296,22.82087190870082
80,1198,21.470178414538537
80,2858,20.95111904485458
80,858,20.59667286339205
80,356,19.839963071705053
80,5952,17.60867298769324
80,780,17.34044465119888
80,527,17.144204826568018
80,4993,17.004700526186834
80,592,14.310824670214833
80,1196,13.266321135749967
80,1210,12.397357664126767
80,588,7.711130780052906
80,1,6.976534593096535
81,2571,92.55271139856971
81,260,63.18656757327493
81,110,55.39898229850522
81,1198,53.163504474585565
81,2028,49.20307567854144
81,2858,42.72708230129811
81,593,42.556902648826366
81,527,40.99107802706805
81,7153,39.27606039612361
81,780,37.7383795308289
81,4993,37.279763706136734
81,5952,36.11922892173858
81,2762,36.11650345675188
81,50,31.57611964066351
81,1196,30.041507768428847
81,858,29.49575361438689
81,608,28.996663233422062
81,1210,27.771813242193822
81,2959,24.321119604112297
81,1,12.43159901634272
82,5952,28.651868030120134
82,318,26.40293548132131
82,457,24.514236395622717
82,2858,23.459011387170424
82,50,22.961461151746686
82,377,21.71168775050929
82,527,21.44554672432308
82,3578,21.0240862594321
82,4226,19.988329377214736
82,593,19.836790637782755
82,58559,19.120672400707047
82,296,18.622468345094692
82,2959,16.636804921354397
82,608,16.570232328702957
82,150,16.210065750369527
82,2762,15.461153436738881
82,1704,13.40446049233142
82,1265,10.539065067658838
82,1197,8.375335753613829
82,32,7.93488759155967
83,260,62.811813496805144
83,589,60.43407347020388
83,2571,56.330696054655206
83,1198,54.179669501287506
83,527,48.301815808826646
83,593,38.79807521264722
83,457,36.46746593322879
83,296,30.85700612969055
83,858,29.196793244192694
83,1196,28.059230680193195
83,50,26.432752754317644
83,150,24.31425928253029
83,1210,23.72730995929121
83,588,22.604405658611057
83,47,20.765612065587945
83,2959,18.11678209254844
83,592,15.346123819146413
83,32,14.693948096630926
83,1,13.435104091888732
83,780,12.946111882431097
84,2858,48.45490911984276
84,593,42.59023508194301
84,110,41.87255592067744
84,589,34.9620323934764
84,2571,34.62934827800295
84,2028,31.914259304341243
84,2762,29.543104727875846
84,7153,27.442119074312043
84,4993,24.31803310519363
84,5952,18.759803974896904
84,47,17.26965574063728
84,1580,12.657887549377437
84,2959,12.646261352016516
84,1,12.618480705516374
84,364,11.691154210261557
84,588,11.333679288092306
84,780,9.638855046060193
84,32,9.43282060221543
84,344,8.467575215041707
84,4306,5.373734559858455
85,2858,47.56287954103706
85,593,39.322798603805346
85,318,38.385461254238535
85,110,36.32700104879614
85,356,30.27028478358631
85,260,29.599798259089035
85,4993,26.506617269884522
85,480,25.32762029721398
85,1198,24.197565332385015
85,296,19.530304739810713
85,589,19.127531626158238
85,50,16.536095059467808
85,2571,15.72850649041269
85,47,15.112062451301316
85,150,15.036430112267158
85,1196,10.988361027845357
85,2959,9.056256555534278
85,1210,8.298989826560636
85,1,6.411440987798426
85,780,5.044093438057918
86,589,82.26640429463224
86,1198,67.83476534570896
86,110,65.42421357630413
86,527,50.41771977347665
86,296,37.18403849237897
86,593,36.791690299811854
86,377,35.18753512223054
86,1270,33.71920098350493
86,50,33.17978790108845
86,150,31.566347579831984
86,608,31.246359535997602
86,858,30.826717590168723
86,47,28.604755349710608
86,380,27.423603404288926
86,364,26.801486906107826
86,1580,25.772390384875383
86,592,22.04462459141935
86,2959,21.98476278551148
86,32,13.45599316686171
86,344,12.474199577236616
87,2858,23.832526011122994
87,589,23.704294465498137
87,318,22.023037714265673
87,260,20.096127191287483
87,2571,19.30039096892179
87,50,18.969632568263485
87,356,17.979568179879422
87,296,17.401176273820834
87,593,16.868163787873666
87,110,16.080165534236617
87,480,15.986456352068865
87,1196,15.053204413761087
87,1,13.426222106578527
87,527,12.52935120111808
87,4993,11.844905188956881
87,1198,11.528257047737595
87,1210,11.44579419642983
87,2959,9.638449207973148
87,780,8.549741976619446
87,150,8.243326879861877
88,110,64.64591903386909
88,2858,62.86343553633675
88,589,62.589496597430916
88,2571,62.58240465549457
88,260,51.62146531309729
88,1198,48.12320750651501
88,480,46.65681390306687
88,296,45.9680403727578
88,356,45.286622304854525
88,593,44.95698050134228
88,457,44.55741753192526
88,47,38.031569683116594
88,858,37.478669825209906
88,150,27.1200934166872
88,2959,22.053523608805573
88,592,20.88532003632059
88,1196,18.443459045803895
88,1210,18.412221968816556
88,780,14.037505402705841
88,1,12.644840277943771
89,2858,13.712221560174418
89,318,11.093410928252034
89,50,11.037866565282254
89,260,9.909967744914841
89,589,9.690687098315559
89,593,8.574133388296525
89,480,8.129408819252339
89,110,8.110387464870183
89,296,8.010704994102445
89,2571,7.921015336920356
89,2959,7.232957590347975
89,1198,7.013709072815106
89,527,6.645398081234182
89,47,6.201774964148095
89,1196,5.758443737391323
89,4993,5.647629416979813
89,1210,5.113077221248814
89,5952,4.894076789850856
89,780,4.53463731745092
89,150,4.156198394361329
90,2858,39.887143844816066
90,318,31.90195587952094
90,110,31.714110307029667
90,593,30.007378485894918
90,1198,26.711792098338876
90,589,25.941188486679412
90,527,25.662076700660922
90,1196,24.664130711327008
90,356,24.529609197422232
90,2571,22.61609765547313
90,296,22.522786328081292
90,1210,21.27182821351749
90,50,20.559178382587337
90,4993,18.045446844672917
90,47,17.932036165631544
90,480,16.07131009393173
90,150,14.568871190959733
90,5952,12.77820230117686
90,2959,11.809145933643821
90,592,10.125312050327228
91,2858,24.938602702409497
91,590,23.2660319590796
91,527,20.312574892257203
91,79132,16.627294350061568
91,1721,15.406599853071606
91,58559,15.187167768811218
91,1580,14.829601898337154
91,34,13.228399572138247
91,4995,13.196657628478649
91,2716,11.846877884829015
91,367,10.559537986208984
91,7361,10.373964374253763
91,1265,9.961080745883693
91,5349,9.494445724775854
91,2329,9.248136644522605
91,6377,9.010367516831742
91,595,8.899531054564267
91,33794,6.330728947228248
91,586,5.566582072407972
91,4973,3.977114310246852
92,50,19.582654637653462
92,589,18.004042069903225
92,260,17.375191015560628
92,318,14.146728345281424
92,480,13.399487577046566
92,2858,12.623390730327563
92,110,12.117176808286867
92,1,12.057929842402778
92,356,11.992350296363998
92,296,11.930069092924207
92,1210,11.801422083697293
92,1196,11.572444511357938
92,780,11.12384968210235
92,2959,11.043250720856319
92,2571,10.995505933474886
92,4993,9.6168352820926
92,593,8.512963993596427
92,527,8.034594618670615
92,1198,7.879670954366075
92,150,6.1917289958440005
93,589,69.6466982323509
93,2571,53.46159898132034
93,1198,45.795789357457345
93,2028,39.2588435149403
93,2858,39.06887816410948
93,1196,37.983349294598185
93,1210,35.58851255057762
93,457,32.7428686902552
93,4993,29.72939803855665
93,296,29.71771141586401
93,5952,25.586436536348508
93,2762,24.866755775142916
93,858,24.61859046546191
93,608,24.026462956251372
93,50,23.88054680193228
93,780,19.089117206103698
93,592,17.531669556769497
93,47,16.270359689213567
93,2959,12.444480086740503
93,32,10.27141952697022
94,2571,57.76346235063965
94,260,44.480068913159556
94,110,43.70560357498719
94,480,41.90448140160258
94,2858,38.41817517812275
94,1198,37.93504649535889
94,2028,32.42664758899457
94,527,30.422431159642112
94,7153,30.343994018997883
94,2762,29.72307674488669
94,4993,28.793998959189118
94,50,26.409500633375288
94,608,25.876857630608438
94,5952,25.642310368879652
94,858,24.721352202685942
94,780,23.660428932962205
94,1196,21.08840711524956
94,2959,19.992112870641016
94,1210,19.46317988729655
94,1,11.463919540229849
95,2571,55.36153685622705
95,2858,31.999101070621705
95,110,30.473358910484304
95,296,30.426898667659287
95,50,28.48336948675157
95,318,28.444358044970443
95,858,27.163328692529095
95,356,25.167582259317527
95,593,24.62717010376754
95,4993,23.97107560843369
95,2762,23.91215787005241
95,457,23.784472497220055
95,527,22.79952400612712
95,150,18.47813330403616
95,47,18.206125894603662
95,2959,14.834024641826149
95,780,13.393310200011333
95,592,13.387917078641848
95,1,11.460449246142097
95,588,9.374282173188291
96,260,84.756895970827
96,318,55.853809087043494
96,356,51.30840685646728
96,593,49.01316109044779
96,7153,47.89842929390715
96,457,46.96358264973351
96,4993,43.635428416491436
96,5952,39.42962279310009
96,1196,38.28234989974974
96,2762,37.813392845668034
96,1270,37.80038750702359
96,608,36.62871339777393
96,1210,32.802183936661706
96,47,29.20321159178263
96,2959,27.685723943196333
96,588,21.721512942324672
96,592,19.318156055385735
96,364,12.887752992451738
96,32,12.428204005371187
96,4306,10.526541726728532
97,260,79.73979970261993
97,110,57.638719758527934
97,589,56.52650344392573
97,5952,55.79248635313608
97,2858,55.526580834760445
97,1196,55.10819235013113
97,1198,53.44704660146387
97,480,52.51644404604909
97,318,48.56535352231159
97,527,44.36288516465163
97,356,42.541991234992835
97,457,38.74790156136301
97,296,35.2843476729324
97,50,27.171191370896224
97,47,25.414932957150317
97,150,25.38451438349676
97,780,17.40378666470143
97,2959,16.39677318069674
97,592,15.417376671490947
97,1,12.033329422757253
98,589,52.34053460490813
98,260,49.960171013622535
98,2571,46.45614354876618
98,2858,44.00940069788467
98,480,42.01474046400019
98,318,38.372004000250364
98,110,37.79320551827312
98,4993,37.4624944569838
98,1198,37.1001305916855
98,5952,36.79038905544202
98,527,32.113119111756006
98,296,29.56317790036117
98,50,25.990962662985314
98,1196,23.75919800220866
98,150,20.782881781613785
98,1210,20.56909330721172
98,2959,17.849705407843423
98,47,17.78663671364929
98,780,16.305608205473536
98,592,14.451244225744276
99,589,39.62714977140951
99,2571,34.2486737284511
99,480,27.52678151223595
99,110,21.414961118953617
99,260,21.01837307748027
99,593,20.883650571023875
99,50,19.508273837784124
99,47,19.03248428780244
99,1198,19.013243642269572
99,356,16.24777443324839
99,2858,15.719729409605243
99,2959,15.520434772891388
99,780,13.706643510403227
99,858,13.551391231365315
99,527,13.164584341510903
99,1196,12.67763669578859
99,5952,12.344249150215258
99,4993,11.973912437257226
99,1210,11.66350982906341
99,1,6.422919596177543
100,2858,49.15749975187722
100,110,39.24915710691857
100,318,38.36522783312722
100,593,37.95138898350886
100,260,36.02883501561178
100,589,33.300507145818905
100,527,32.46586267424777
100,1198,28.162363663348287
100,2571,27.298421513378322
100,50,24.369104524335746
100,480,24.052229249726118
100,4993,21.279256065296018
100,150,19.96339253292206
100,47,16.06884902137585
100,1,15.091102020484579
100,5952,14.987579652518804
100,1196,14.024607368059021
100,2959,12.442603972886195
100,1210,11.277559974353128
100,780,10.480430299125613
101,260,34.24898069783269
101,589,29.53919878309712
101,110,26.21737646493822
101,50,25.417786057967984
101,1196,21.591722617392307
101,318,21.361608947241184
101,2571,20.75690641492045
101,47,20.260146032785713
101,296,19.615520700453192
101,593,19.345204395839836
101,1198,18.537919368270792
101,356,17.13142863056433
101,480,16.74310721400889
101,527,16.45809045269925
101,4993,15.002079071828609
101,5952,11.324681795668457
101,592,10.952884473767126
101,780,10.84851505672755
101,150,9.474056804510466
101,1,9.104489282588485
102,2571,55.277953834887974
102,110,40.516099381141764
102,260,39.32538155518012
102,1198,33.44891308375552
102,2028,30.369877424461748
102,2858,30.161207312957433
102,356,29.907512657762524
102,527,27.88167410419884
102,50,24.73433987781283
102,4993,23.874659945886776
102,2762,23.457052771284992
102,608,22.989018945519508
102,1196,22.191896666318517
102,5952,22.123598654351653
102,858,21.94057618092451
102,2959,20.355854544691574
102,1210,19.768998046085102
102,780,18.592454766628723
102,32,10.38321326466068
102,1,9.949820251747175
103,260,51.13705819231865
103,2858,42.10194800446108
103,589,41.532085313813454
103,593,32.09691323338461
103,296,31.232615589800215
103,5952,28.60040848067716
103,3578,28.265203020603092
103,457,27.62613224703378
103,2762,23.977509708034127
103,588,20.796726076765385
103,47,20.546103312706684
103,1270,19.932289347331764
103,1580,17.676545467817405
103,592,15.501919565986924
103,377,15.313702162960684
103,1214,14.076038222258656
103,780,11.763598828668378
103,380,11.485739453218185
103,32,9.993948219797534
103,648,7.404326392210799
104,589,31.07435096311493
104,2858,29.959995121424374
104,110,26.03605364471538
104,2571,25.795755238262696
104,1198,24.541052582412703
104,480,24.22839651781734
104,318,22.8808692940956
104,296,21.334376723172042
104,1,20.581410510669933
104,527,20.219703106543843
104,593,20.19723251063122
104,1196,19.201234540035085
104,457,18.969645360044822
104,50,18.591465884911326
104,1210,17.619679492805403
104,2762,16.504803179359147
104,2959,12.247785461753319
104,47,12.150628184338068
104,150,12.070524882346866
104,32,7.527705782928936
105,590,24.965818471363313
105,480,20.87259907699948
105,858,20.560676781782256
105,3578,20.379377271008874
105,457,19.246027648683977
105,1,14.784227966888341
105,1196,13.447764758168187
105,1270,12.711107722834967
105,150,12.695846378987902
105,1210,11.832148864460796
105,1580,10.82059207785463
105,377,10.720440667643855
105,4306,10.618063121866449
105,592,9.878159131361123
105,380,8.918075472607132
105,364,8.868485536454166
105,588,8.860582620741855
105,780,8.456844553177898
105,344,6.9668178343420815
105,648,6.572068903490765
106,589,83.26167524836563
106,480,68.7254784421743
106,260,67.1279301627758
106,1198,55.56868240519401
106,110,47.91791293732248
106,356,35.66313439291847
106,527,32.88552026495317
106,1196,32.68229621126352
106,2858,32.34212675174245
106,1210,30.21866141628083
106,47,24.558384755641033
106,592,24.35942204365315
106,150,24.014648529065425
106,593,23.42364412047566
106,780,22.186077685734904
106,858,17.147200459273648
106,50,15.882517905601306
106,2959,15.511652464291014
106,296,15.266526016097606
106,1,13.519570289415034
107,589,63.52764939454279
107,2571,47.23702671334853
107,480,41.36810232379798
107,260,40.95007602690133
107,2858,37.99585831346152
107,1198,36.08760287876114
107,457,34.46316203995418
107,593,33.026606687311755
107,356,32.056925105107545
107,527,30.31751310397033
107,50,23.520792406864526
107,4993,23.217564689371777
107,1196,22.670555854570498
107,858,22.585062028088302
107,780,22.30000492330247
107,47,20.507678883839272
107,1210,19.42597740457271
107,5952,19.376113592931723
107,592,18.347973641080156
107,2959,15.6164237123623
108,589,51.8015971294272
108,260,46.972784963764106
108,110,42.036162689992395
108,2858,38.45856541840359
108,296,37.29434536894859
108,318,35.21265845509696
108,593,34.15481531596927
108,4993,33.7019224239074
108,1198,33.65943081585979
108,527,31.60442286148732
108,356,27.749379309601014
108,50,24.117919582783962
108,150,22.127394979011424
108,1196,19.9992133671412
108,1210,19.03908340587927
108,2959,14.139945137207063
108,47,13.765315577565007
108,780,11.651578445042098
108,1,10.086057461960207
108,592,8.303081672997264
109,2571,31.93585315434325
109,2858,31.680352110584984
109,480,29.33815157427061
109,260,28.893950431771678
109,2028,23.616118822185573
109,1198,23.349191126595976
109,608,23.07366518655018
109,2762,22.185605727105308
109,858,20.580099052494955
109,7153,20.073782412003556
109,4993,20.05838087912298
109,2959,17.034714242214996
109,1580,16.94520137050661
109,1270,16.283377432774753
109,5952,16.067364119790867
109,1196,13.986482566283234
109,344,13.603243693722812
109,1210,13.227275189036378
109,1,9.315185143566433
109,4306,5.724208662157546
110,110,53.812721951928
110,260,53.46975705905779
110,318,53.091085542059524
110,593,52.32688115333249
110,589,44.17723811518813
110,858,42.34101222174846
110,480,40.7910227678043
110,356,40.699251429585374
110,457,38.589200600581876
110,50,36.48618103681999
110,4993,30.34858711643754
110,150,23.17297740578558
110,5952,22.287945299755766
110,1196,21.31452996571619
110,1210,17.633085829121967
110,780,16.36896750620337
110,1,14.00484789978266
110,588,13.951515654090466
110,32,12.142564792681586
110,592,10.665040819662572
111,589,20.93401744875914
111,50,16.495524563556586
111,260,15.664063803450377
111,110,13.365646416153853
111,1,13.353591750870695
111,457,13.299456377221855
111,296,13.155072826183181
111,1198,12.410545782399527
111,47,12.268421117266104
111,2959,12.211475283394531
111,858,10.93005148479329
111,4993,10.104309903995572
111,527,9.574130316786844
111,5952,9.26361250178706
111,780,9.157669632040704
111,592,8.557465847058237
111,1210,8.492105861198356
111,1196,8.401128822214577
111,150,7.694179338194772
111,32,6.122432431633825
112,589,90.75678407802823
112,318,56.819800737393436
112,457,47.34014324339593
112,2028,46.218533094307055
112,593,44.604259258488575
112,2858,44.54517403826703
112,356,44.51665099935508
112,527,43.16275292429952
112,296,36.648664709463254
112,2762,32.8634316480871
112,608,31.592342044427536
112,377,30.22935027870255
112,858,29.419585862257385
112,592,25.33611428358312
112,588,23.403851599995757
112,380,22.128053028192443
112,2959,21.71816717863355
112,780,17.945008018702044
112,364,17.059764422534474
112,4306,9.462321076344782
113,318,41.37234256278231
113,110,37.547019332987446
113,296,34.56811839217644
113,527,32.51052214364126
113,589,29.745260062811294
113,50,28.848225771879868
113,1198,28.489592253201213
113,457,25.61993579727378
113,2571,25.362409475160643
113,4993,21.848214388750975
113,47,19.219981056361476
113,480,19.01746734247587
113,150,17.627217152508212
113,1196,16.010664887462617
113,5952,15.951996990318532
113,2959,13.336469070239431
113,1210,12.790944008254911
113,1,12.733871181250707
113,780,9.038080938457787
113,592,7.797915040762675
114,1196,83.47258620245371
114,2571,59.37289161457225
114,1198,53.55569962549496
114,480,53.34230519003196
114,589,47.55611123213174
114,318,45.762996635361276
114,1,43.22388948922396
114,110,38.09262018767585
114,4993,32.26261745500984
114,2858,31.814038369643608
114,5952,30.740747157044495
114,527,30.57956664526446
114,356,30.498597812641343
114,592,28.747726988699803
114,150,23.03412929812638
114,296,22.896594068597004
114,50,20.733072330080805
114,780,19.111592865648017
114,2959,18.926142726075796
114,47,16.958559682719905
115,318,36.70108168045047
115,1210,35.12251250344625
115,527,35.03344683138619
115,356,33.88788601083063
115,7153,33.62845456398377
115,4993,31.857660552187276
115,3578,28.84641231552692
115,5952,28.777381730096625
115,377,28.004807847198855
115,1270,27.617331974809396
115,1,24.966018855887675
115,608,24.63239313408169
115,150,24.515016056573856
115,858,24.4989155149643
115,50,23.993533839473162
115,47,20.548147313260575
115,2959,17.19356735825588
115,344,14.388240616502985
115,32,10.204586051679211
115,4306,8.550974638894532
116,110,80.87963175698879
116,260,79.333705413686
116,2571,77.21257402089338
116,2858,71.3931600480892
116,318,62.80709012160755
116,2028,60.43137552892916
116,4993,45.39316583893115
116,296,45.34868539886292
116,2762,44.34739530860851
116,608,41.05655821136435
116,5952,36.23755731646472
116,50,32.923214058372444
116,1196,32.713087270017304
116,1210,26.617615044324694
116,588,22.603201904636236
116,2959,21.564652525521602
116,592,18.957172919799817
116,364,14.685461173701434
116,1,14.562187882664452
116,32,13.295245235996033
117,318,34.53233979473491
117,2571,34.51948849939968
117,260,29.46124351773292
117,2858,29.403456965610097
117,1198,25.189066217461573
117,2028,23.7686879222679
117,7153,23.55704100577506
117,4993,23.210288783288235
117,5952,21.031194567360522
117,2762,20.653373756282186
117,858,19.589355683593983
117,3578,18.976920051842445
117,4226,17.66175009442712
117,1580,16.066464645476074
117,1270,16.018196847770447
117,2959,15.558979566132244
117,1196,15.435616432710773
117,1210,13.50478945659309
117,1,10.952502831812854
117,4306,6.882183550831753
118,260,94.36658111612213
118,2858,84.20788918853252
118,110,75.87671823849652
118,318,72.6434944813501
118,593,70.75602072788043
118,1198,63.53280895270484
118,480,59.83256722212906
118,356,57.597432320841456
118,1210,49.72621670173102
118,50,48.45229050305947
118,589,48.2998580732337
118,2571,47.82847655955184
118,4993,42.11470548007817
118,47,37.215882233532284
118,150,34.840610494128775
118,592,30.625793828939543
118,5952,27.259005957283705
118,2959,24.75316959059548
118,1,17.753804576493312
118,780,13.760095829407234
119,589,46.28865485686474
119,110,40.33135133049763
119,2858,38.490470994648135
119,260,36.57393320773436
119,480,33.350886656133675
119,527,30.015816391192796
119,457,29.806837094583987
119,1198,28.984081563929212
119,593,28.224659690662964
119,50,27.973581639535784
119,858,24.385491488028684
119,47,21.880314405145967
119,2959,18.77234781648816
119,150,18.41401249054714
119,1196,16.928602352140665
119,588,16.614655407827993
119,1210,15.658815648704833
119,592,14.583696312555666
119,780,12.30856426497277
119,32,9.940414443449233
120,1196,87.53533910181511
120,1198,57.16736387829265
120,2571,51.07491761868162
120,480,47.73586793591618
120,589,45.743961770491296
120,318,38.17536569403991
120,356,31.807683812466188
120,50,31.616725684993582
120,2858,31.120485029068313
120,296,30.16338305001616
120,110,29.89839712854013
120,150,27.53981175540881
120,593,26.536143458377598
120,527,26.1737004484112
120,4993,23.179159825873835
120,5952,21.240306834826676
120,47,20.28108404821311
120,592,19.706820057555998
120,1,15.043355955764927
120,2959,14.814171411431467
121,589,59.712007818371134
121,2571,46.626776865840334
121,593,44.73704852658723
121,2858,42.77899105789783
121,480,40.34386039655387
121,318,39.82505879238062
121,260,39.66893625459944
121,1198,33.56408572365823
121,2762,29.693063933714864
121,50,27.424646069159937
121,858,26.097807004320384
121,4993,25.353347518832294
121,608,24.474283755033916
121,2959,21.546725515820537
121,5952,20.086238159595506
121,588,18.085178160229827
121,1196,17.25995519393243
121,1210,16.00432514165545
121,32,12.347985534083664
121,592,11.644450012939668
122,2858,32.58835021765023
122,110,31.51036639314462
122,1198,28.904936876778223
122,457,27.584761757323907
122,2028,24.851014059117233
122,527,23.80238795550832
122,3578,22.42947298850007
122,7153,20.928008296374927
122,4993,20.842791917652075
122,5952,18.24324933365444
122,1,18.116638246852123
122,377,17.229780711270244
122,1580,15.908926083940756
122,380,15.698473574382103
122,150,15.449096825002478
122,588,11.763811020218338
122,344,10.5122875461889
122,364,9.710394339209095
122,4306,9.327729878683083
122,648,9.268588664393125
123,5952,70.01078626770682
123,589,61.87909321434496
123,1198,49.1571132322454
123,110,48.685879244676
123,480,48.467701829049
123,2858,48.34347377054183
123,1210,44.18396398313865
123,457,40.66463682799152
123,527,38.288387549520145
123,50,38.1854682025637
123,356,37.695692389644336
123,47,34.79439868634503
123,608,32.784617637946
123,858,30.490831077769208
123,150,28.896486262985572
123,1,20.57863704140585
123,780,19.039623819854345
123,588,18.399266089700497
123,592,16.5238268595032
123,32,11.977677615795914
124,589,49.09641234212013
124,1196,45.89080132877936
124,1198,44.95535054580599
124,2571,41.74539422649402
124,527,41.1367171138716
124,2028,39.93324076307939
124,2762,37.141089254913226
124,858,36.80744406107303
124,457,34.66185450375874
124,7153,31.301858048071402
124,47,28.816668998565607
124,4993,28.2598541101868
124,150,24.668008567144227
124,2959,21.265187297808758
124,5952,20.70582622184105
124,588,14.059165269150196
124,364,13.927283235504959
124,780,12.922166555692176
124,32,12.363252693659037
124,592,11.982176065758615
125,260,27.183100073971527
125,480,24.537351731077138
125,318,22.703855009984395
125,50,19.86012598954878
125,457,19.7375323979326
125,593,19.008606967201967
125,2028,18.787459041491534
125,1198,18.781807510636146
125,4993,16.848641381697856
125,527,16.661392342029774
125,2762,16.067252502879317
125,5952,15.311677386866101
125,47,14.606496612808042
125,1196,14.106207105452466
125,150,11.572245014144224
125,1,10.598536407729796
125,588,10.41601932408247
125,592,10.261649943481753
125,780,10.25073127095013
125,32,8.617096158854219
126,2571,80.95436715699026
126,260,61.188270780520675
126,480,56.37372244342723
126,1198,51.45968291878152
126,2858,50.71715348619346
126,2028,46.25525271419951
126,593,43.84731383146638
126,527,43.22433164246916
126,4993,40.13090840493042
126,2762,35.05824705679132
126,5952,33.910739056364406
126,858,31.60492131822048
126,608,30.202475822357428
126,50,30.1547902219448
126,1196,28.044319583433296
126,1210,25.950000871871055
126,780,24.112895900378756
126,2959,22.052847268431186
126,32,15.554500092577882
126,1,11.780562880205759
127,318,58.740029023454
127,2858,52.89585042400287
127,593,51.871512973894816
127,260,44.59519896077797
127,527,42.09899570527077
127,356,41.53375022565303
127,110,41.465918294696
127,296,40.200602888364365
127,50,36.16633103694453
127,2571,34.91149183122821
127,1198,33.35668488350517
127,4993,28.186607588324836
127,589,28.053127109298348
127,150,27.72492658782174
127,1,22.596757052695615
127,1196,19.21287913272604
127,480,17.23405863342741
127,2959,12.059227832404734
127,1210,11.653683107715747
127,780,7.207552192524218
128,2858,83.33683458226753
128,589,79.23501355816711
128,318,76.18914692282948
128,2571,75.24129885997135
128,527,71.39812868054881
128,356,64.65018601658207
128,1196,63.38389355458539
128,480,61.29962693964537
128,858,58.52001349375471
128,1210,50.160038212770914
128,4993,46.53549267089635
128,296,45.643277127821584
128,150,37.73665219660904
128,5952,36.56242302968551
128,50,31.830997818504336
128,47,25.458725986222884
128,2959,18.59203267980923
128,592,16.68984732881497
128,1,16.589917673775414
128,780,13.886216612656051
129,589,59.38401930549721
129,1198,42.81305451639326
129,7153,40.38472752649891
129,110,36.26394032503404
129,2028,30.04470430140307
129,318,29.366468417381707
129,527,28.41402261135685
129,457,27.241812351413373
129,296,26.750051003252093
129,356,26.27375978972061
129,50,24.648822332912406
129,593,23.998360510623964
129,2762,23.54523426558573
129,858,18.8048079585374
129,608,18.563974324051433
129,150,18.251453979055665
129,364,16.786490383412787
129,592,15.984118799733782
129,1,14.520534124770851
129,32,11.84747928328098
130,589,82.74556720796394
130,2571,63.146426738193064
130,260,56.82795655211898
130,480,52.374687661184076
130,457,50.17164260981881
130,2858,47.683215411314194
130,1198,44.85897500019191
130,593,39.9237734172441
130,527,39.173425139628804
130,356,37.89652194941921
130,4993,31.47066732206492
130,1196,31.061804155975484
130,858,27.668338390754727
130,5952,26.365850438429888
130,1210,25.964950707833808
130,50,25.837763188843514
130,47,23.60710799690941
130,780,19.318859953943356
130,2959,15.034472892623944
130,32,13.85914453781579
131,589,75.27548537984003
131,318,70.49072296590438
131,1198,61.33055806107579
131,527,58.99334888641287
131,480,54.140381000482485
131,457,50.70850159848036
131,608,46.33466647158883
131,50,45.19966827729491
131,2762,44.28218490221313
131,1196,37.033554891547645
131,150,36.6662967535685
131,1210,30.887717539477606
131,2959,25.1312979040418
131,592,20.944974053680642
131,780,20.235196560068726
131,380,19.383372450924938
131,588,15.888016245380614
131,364,14.948272723908945
131,32,14.668058023803113
131,1,14.218880597928802
132,589,35.376814518745974
132,110,34.98306921762434
132,590,30.548280725627187
132,593,30.09243044828464
132,1198,29.045807844844436
132,527,28.369418155064302
132,608,28.363787849341794
132,2028,26.946964410550546
132,480,26.7848616587253
132,2762,24.868753742645467
132,457,24.156593395998076
132,3578,23.76194422202154
132,150,16.70789127784183
132,1580,15.253423489183758
132,364,14.33544968845254
132,377,12.964624041249154
132,380,11.992466444668361
132,367,10.745192202405548
132,780,10.388669832126986
132,648,6.760461083806433
133,2571,89.08028341199481
133,260,65.75120679799761
133,1198,57.643692810621324
133,2858,57.18807662689122
133,2028,56.07755261315581
133,608,54.067827102347934
133,296,52.73024594556176
133,356,52.72023438073736
133,7153,45.33939703645168
133,4993,42.92322590273748
133,2762,40.392318169215166
133,858,39.25493969822334
133,47,36.128383838286865
133,5952,35.33376988636106
133,1270,34.233811758867155
133,1196,30.669022036562126
133,2959,27.057964058899604
133,1210,25.21082502100697
133,364,17.789253988688255
133,1,11.278178587815953
134,589,66.26874371549974
134,2571,49.60593708103459
134,260,46.37793283092765
134,2858,41.85164914661353
134,318,41.367888399788164
134,480,37.87845797812666
134,457,35.38427982579134
134,1198,33.41771302673557
134,527,31.261071278322532
134,356,30.79423735996463
134,4993,29.172733311720094
134,150,26.59842456223332
134,5952,24.859131578630155
134,50,24.146710499125753
134,858,22.9579165822023
134,1196,21.42089038086812
134,2959,20.566600366050313
134,1210,20.38236688456062
134,780,20.205073034800296
134,32,12.335913351731568
135,590,27.573079641480717
135,1196,27.270221741213035
135,50,27.057905663914593
135,356,27.019512798140738
135,7153,25.830630946047265
135,2762,24.83942812946655
135,5952,22.815562617071826
135,1270,22.26280812834269
135,377,19.95323422447307
135,79132,19.30857471229036
135,1704,19.13508807097583
135,150,18.5578153325321
135,58559,17.852225285860108
135,588,12.279043198929044
135,6539,11.908674519529542
135,344,11.344976308381721
135,6377,9.587915842761296
135,364,9.185368646351156
135,595,8.874680707876287
135,597,8.083600048997603
136,589,32.87838444664696
136,2571,30.012362476686004
136,110,24.938709570634224
136,480,24.728982722050883
136,318,23.190265450756105
136,260,22.63311352410203
136,50,19.604834952300823
136,2858,19.35893766630704
136,356,18.294667082141892
136,1198,18.098167901285883
136,527,16.007559297091383
136,858,15.440745732297021
136,47,14.540722306859239
136,4993,14.458270442275632
136,5952,12.720333054896697
136,1196,12.60003976458865
136,780,12.48435853759361
136,2959,12.431789210931797
136,1210,11.803130594705562
136,1,8.702357276201042
137,2858,76.58292983897604
137,527,65.07075692842332
137,457,45.16435221254137
137,1210,36.815910836529554
137,4226,35.52259560156406
137,50,31.491754283343102
137,58559,26.131779294596377
137,377,25.35622485899178
137,47,24.819731825832104
137,1036,22.436200131416502
137,380,20.801530355883145
137,595,19.151741176628803
137,364,18.95136210266368
137,6539,15.498943097617175
137,592,14.626090077427117
137,32,10.94661205259638
137,367,10.866408500689396
137,344,8.225625875650994
137,165,8.035264572663866
137,648,7.079271754727089
138,110,46.117463749929605
138,318,43.338194497583466
138,260,43.289119506426665
138,2858,41.56394723701568
138,527,39.76517929223202
138,593,35.074218792048164
138,1198,32.93702199562026
138,589,31.944190334215
138,2571,30.873757187434858
138,4993,30.484602700102368
138,356,29.43329523110558
138,480,22.434632344425726
138,1196,20.554183161664763
138,150,15.526709550806595
138,1210,15.326091920750802
138,296,14.975102246549945
138,50,12.667761734031139
138,2959,10.652698056627493
138,780,5.703468473419183
138,1,5.401174606847293
139,589,50.48921876811666
139,2571,45.47986044102065
139,480,39.104675709342786
139,110,33.361202492820055
139,50,27.746413330572658
139,1196,26.722200964841665
139,318,25.75518891088246
139,1210,25.63200051282972
139,2858,25.208412329362293
139,356,22.166871757439853
139,527,21.78819549141344
139,47,20.309009555553875
139,593,20.0720163871919
139,592,19.4163793230807
139,296,19.002614793185174
139,2959,18.406861278873457
139,858,17.50376094456302
139,1,16.206279067263697
139,780,15.616400599566477
139,150,13.729247104134929
140,589,36.80502460436338
140,457,30.457262763726877
140,480,28.831971075617286
140,2762,25.070522341719737
140,4226,22.517345176877352
140,150,19.008241580702332
140,79132,18.86604089600175
140,58559,17.184457706281233
140,1270,15.4394986526223
140,2959,14.822747867060105
140,588,12.317537864983057
140,500,11.074095360267785
140,592,10.121867477209177
140,32,9.456558659841301
140,1197,8.739863785952467
140,344,8.658061755585475
140,316,8.450457311703088
140,367,7.103738308954452
140,231,4.359647488275051
140,1136,3.8414803604623766
141,589,54.2663066645791
141,110,45.508208894775834
141,2858,39.39900087337966
141,457,34.39178228206226
141,590,33.919659404127955
141,527,32.666953535980745
141,608,28.700322568729476
141,593,26.016832949288325
141,2762,26.013043374807825
141,50,25.93593545110485
141,377,23.645794911828894
141,1036,20.611885038804257
141,1214,19.67574854196742
141,780,16.82064654207698
141,367,16.637625825580944
141,380,16.23867241838323
141,592,15.784457823660043
141,165,11.014369680026206
141,32,10.937662563101131
141,648,8.71676015877246
142,2571,80.67955830822982
142,260,64.12127361391396
142,110,62.4746133095864
142,318,60.34419605725975
142,2858,59.699111499061104
142,1198,54.40733736432145
142,2028,51.876301742919146
142,2762,47.29963928994045
142,7153,45.27403853879863
142,4993,41.64055379586856
142,608,38.64373745241382
142,858,37.24781437099837
142,5952,36.93710276811707
142,1196,26.861900637632544
142,780,25.038745114974752
142,1210,24.26679576661124
142,2959,23.590541963809176
142,364,22.432359786817106
142,32,20.34197747939889
142,1,12.846223384468491
143,589,33.964192513732854
143,1,33.686387611719006
143,2858,29.772990044153403
143,110,23.412320236057585
143,2571,23.055884887254447
143,260,21.835500294742523
143,50,19.650993529595787
143,480,19.112146483542382
143,296,18.946701939903242
143,318,18.425083512196462
143,1198,16.1527527056777
143,593,16.008656389618462
143,4993,14.6839636009343
143,150,14.251336480896214
143,2959,13.629394066781217
143,527,13.12204614847909
143,780,11.150666756909095
143,1196,10.55883758856534
143,1210,9.289761662277835
143,47,7.61289195931836
144,260,59.26743123549654
144,318,48.6161105215993
144,1198,48.368987139677444
144,2028,41.95228634729425
144,356,40.19909329299043
144,608,37.93240760265833
144,457,35.64739310784334
144,1704,31.04743786178879
144,50,29.36563244576714
144,858,29.109560952948396
144,1270,25.036811254478387
144,1196,24.626550690896185
144,58559,24.52008381823712
144,1210,20.552409188036556
144,595,17.272501223293865
144,367,15.7830729365456
144,6539,15.539536448095575
144,165,12.962203573424045
144,2628,12.263526521707961
144,1197,9.471588637940458
145,589,74.37198434247217
145,2571,57.98726717665701
145,260,56.4073279760201
145,2858,52.906983885224335
145,457,51.559621080795296
145,110,47.82944616465666
145,593,45.35539430467535
145,1198,44.09469817864731
145,480,43.0635742592315
145,527,39.86142072410917
145,356,38.97534736623844
145,858,35.6625430615944
145,4993,30.09381675167586
145,1196,28.707827372161102
145,47,28.25571941396452
145,780,22.63801582550951
145,5952,22.511816972352946
145,1210,20.697380227552085
145,32,18.31123040331334
145,2959,15.798198428589528
146,589,19.43995662344943
146,50,18.736387520332094
146,780,15.390391657587173
146,318,15.225572676300347
146,480,14.775175307475035
146,2571,14.549003252172316
146,2959,12.450846469033033
146,260,12.29829981302092
146,593,12.273294831255464
146,2858,11.379616475114899
146,1198,10.183969205962034
146,110,9.872850778530813
146,356,9.640741986660622
146,296,9.533135949473401
146,1196,9.481093777598218
146,1210,9.01621990902689
146,4993,8.544324607734843
146,1,7.78043610046343
146,150,7.092043299307234
146,527,5.523483125040234
147,480,27.532144024637347
147,296,26.84275776472487
147,2571,26.24691256989431
147,110,24.106251312535466
147,589,23.77298134492172
147,260,22.79098303684201
147,318,22.269004293718005
147,2858,22.201423103855433
147,1198,21.649864650746448
147,527,20.577259714132307
147,356,17.700234785510162
147,593,14.446102724579827
147,50,12.96272645708983
147,4993,12.74891240940624
147,1196,11.817623561513132
147,2959,10.975121625988383
147,1210,9.206610950827352
147,1,8.736036902954586
147,150,8.169981728756424
147,780,7.318186870398683
148,2571,72.55252690290543
148,260,70.23902439581677
148,589,64.41862915421626
148,1,55.90571264486091
148,480,51.320974399343704
148,110,47.11961260374671
148,1198,44.50273955811631
148,1196,36.9695896475617
148,2858,35.717776470617515
148,1210,35.081583875073605
148,527,34.1715527401535
148,318,34.05900037741669
148,356,30.20614393352404
148,593,22.340914683334113
148,150,21.455555896651777
148,296,18.589535466575217
148,780,17.386694086068772
148,2959,15.80996688694045
148,47,15.1225334575004
148,50,15.01671873371673
149,2571,79.17214696721518
149,1198,50.26473537605869
149,110,34.847286981557
149,356,32.091823051657435
149,150,27.471864496864587
149,527,26.95744121871281
149,4993,26.907656713210056
149,5952,25.381872436111777
149,457,23.964770470147776
149,296,23.8477660550312
149,50,23.74088319047996
149,318,22.348647008804146
149,592,20.227633388630327
149,593,19.120418839592432
149,2858,17.796509356891473
149,2959,16.43526685496578
149,588,16.24076139572301
149,858,15.579007090377063
149,47,13.391502041276386
149,1,9.554063542017524
150,589,37.835920253081554
150,50,31.922996888186844
150,318,30.89204761885145
150,593,29.059532165487163
150,2571,28.518630002429898
150,480,28.344376466878124
150,2858,27.475172238352027
150,47,26.880390267498967
150,296,24.729621795943068
150,356,22.907092906250277
150,260,21.90396324638831
150,110,21.829470362107827
150,2959,19.00944843718637
150,150,17.261429472052257
150,1198,16.95313156940677
150,527,13.34695315661941
150,4993,12.353766452405624
150,1196,10.91419106779114
150,1210,9.935977525984548
150,1,9.696796493672442
151,589,18.47822450451897
151,2571,17.00494409170492
151,480,16.14175687592067
151,5952,16.046724035109257
151,50,14.942128991778743
151,318,14.740227801940026
151,260,12.549061609497468
151,4993,12.481016169915142
151,356,12.273887058649358
151,47,11.548575160136311
151,296,10.476495458231588
151,593,10.436909956967604
151,1196,10.30689656673354
151,2858,9.658774703934604
151,1198,9.652529283883982
151,2959,8.8741560484255
151,1210,8.627363124049632
151,110,8.581782234715133
151,150,8.508606666203736
151,527,4.727241043108201
152,110,59.18189394195755
152,589,55.54658219058719
152,593,50.719189288341155
152,457,46.98247509437683
152,2028,46.96493195407037
152,356,45.34803778824145
152,480,43.97286225154492
152,2762,39.66537869207006
152,7153,38.31753920890443
152,1196,35.271513554840986
152,4993,34.959713203781455
152,1210,29.685367079655435
152,5952,27.316263524153708
152,150,25.65037357920824
152,780,17.577635884379696
152,32,16.224714583945126
152,588,15.805022190455075
152,592,15.498146679897248
152,1,14.843641741925758
152,364,14.782439611183234
153,110,49.269124290655064
153,260,45.87637473585373
153,589,42.03229785063242
153,318,40.51773466024252
153,593,39.22883097190126
153,296,36.96587013104687
153,608,33.01199018128835
153,2762,31.391671885790366
153,4993,30.943633396565087
153,50,28.062996237659455
153,480,27.995640205354153
153,457,27.230807131350907
153,5952,23.520658624971187
153,150,20.843467847758312
153,47,18.34332039362199
153,588,18.26909725837961
153,1196,17.703010808144814
153,1210,15.344256574393116
153,592,14.51037002804434
153,32,8.89645036546421
154,589,84.50998357633138
154,2571,78.86688414592068
154,260,78.27153265898166
154,480,73.21221156837102
154,110,54.30070578241976
154,1198,50.20860886341245
154,2858,41.83698541395575
154,318,39.05521590328077
154,4993,37.53959511597288
154,527,37.08928853682693
154,296,34.67949398968698
154,1210,33.54025657924552
154,1196,32.88062779466571
154,1,32.65901546787378
154,50,29.671172653284742
154,593,28.0720268630862
154,150,27.542601487516784
154,780,24.926965191723554
154,47,19.838883801213782
154,2959,18.50199546159587
155,589,46.751722227220824
155,1196,43.848914450871476
155,2571,41.53451176271096
155,1210,41.00842754356305
155,480,39.6231059203214
155,1198,33.504814765231025
155,592,31.122231214060335
155,110,26.40916250585877
155,50,22.75724569816393
155,318,21.831181209066493
155,4993,20.87977429099051
155,5952,20.388787843194795
155,356,19.939715781152817
155,2858,19.445958898588454
155,527,18.24565074557538
155,150,17.677757156035472
155,47,16.321244518548692
155,593,15.47419270052052
155,780,15.359001632464704
155,296,15.284766419009864
156,260,39.78894000105939
156,110,38.566484669680975
156,527,32.51467741677765
156,589,30.886396272223795
156,2028,30.302885708261766
156,2762,28.968130015905682
156,7153,24.928460262516303
156,4993,22.353772836288073
156,1196,16.288773541977676
156,5952,16.135802170302807
156,2959,12.99446478581214
156,377,12.702648327929497
156,588,12.462086366334647
156,1210,12.319574253241457
156,364,11.675237374971953
156,380,11.129740928453133
156,780,10.004321465153508
156,32,9.907832375736694
156,592,9.510961718437947
156,4306,7.179405886285772
157,480,57.49713917518961
157,589,50.80893336816376
157,110,49.621638200447926
157,2858,45.22849180745239
157,260,44.16755061576164
157,318,38.49296849417945
157,356,37.766057065118474
157,2571,37.61672458653167
157,1198,35.987976506184154
157,593,31.912279944673855
157,296,31.424477219253976
157,50,28.971976155113744
157,47,25.64883800248513
157,4993,24.497854576324595
157,5952,19.740890991057142
157,1196,18.34289570593853
157,1210,17.702034156671562
157,150,16.113552793685297
157,1,15.612125050612502
157,780,14.940402283405342
158,589,24.28785575952988
158,260,18.263021625148948
158,110,15.580759851436337
158,2571,14.796679636435893
158,2858,14.683958251537328
158,50,13.699085985690143
158,1196,13.65184365247346
158,480,12.162092351622334
158,593,11.931907984413039
158,780,11.448536897030372
158,296,11.448507907411345
158,1210,11.385034186874615
158,1198,10.313220131456093
158,4993,9.561578340935313
158,2959,9.307384005336504
158,318,8.859164017957113
158,356,7.284562733739318
158,150,6.8969526706908795
158,1,5.818284962519332
158,527,5.593435823875352
159,593,46.11818825798285
159,260,43.74793937306996
159,589,42.35394235605944
159,527,39.07125938641812
159,608,37.97071305604729
159,2571,36.58457308050644
159,1198,34.126435546270784
159,858,33.334765646949265
159,457,31.597727905821625
159,50,29.409957585244786
159,4993,28.685437660722407
159,5952,21.432572945182336
159,1196,17.03570641814
159,588,16.855130539595415
159,47,16.204756904155182
159,2959,15.221231091778717
159,1210,13.874868906478838
159,780,12.574084792037482
159,32,11.224689319769697
159,592,8.51088322411584
160,589,48.28770431209233
160,318,31.67849547971425
160,590,28.053169257957094
160,7153,26.74876801500286
160,4226,21.163240355289208
160,1721,18.286377500908863
160,1704,17.573218498864385
160,58559,17.109186132650503
160,1036,16.640258605817035
160,588,15.154988959843308
160,380,15.04630773648426
160,780,14.37897070410375
160,6539,11.488096041464066
160,344,10.344863364071603
160,1265,10.12213012034463
160,1197,9.485579761798371
160,6377,9.044080884057596
160,597,7.070600947815514
160,1136,6.653251783965125
160,231,4.6694821599332546
161,589,38.12712853020022
161,110,32.16140346672002
161,260,27.781616592695155
161,2858,26.535082989512542
161,2571,20.642932895263854
161,1198,20.583612455402115
161,527,20.46597844986707
161,593,20.25162986081971
161,356,19.453571180070185
161,1196,18.489120038842202
161,4993,17.06309248528182
161,480,16.34166266283822
161,296,16.269425217980885
161,150,15.806947788506763
161,5952,12.883861581788725
161,50,12.675384725939537
161,47,12.429482848021706
161,1210,11.80620005449957
161,780,8.548729088830001
161,2959,8.364956181566113
162,2858,70.05421822377856
162,593,63.1492990173947
162,110,57.59146540943638
162,260,50.109494621267324
162,296,46.742552280337804
162,589,41.45702720423935
162,1198,40.463065165900105
162,858,39.55193848763979
162,457,36.08131621284293
162,480,35.62278352552411
162,4993,35.45187883420004
162,2571,35.00486741614261
162,47,27.128568285223686
162,5952,23.26698749825165
162,592,21.409290347661184
162,1196,16.500409879144055
162,1,15.826632532760895
162,1210,14.01682804960638
162,2959,12.469612044397525
162,780,12.382721775955776
163,589,62.184868736444045
163,2858,47.53360117242652
163,110,43.11385873445531
163,2571,38.91669562812123
163,296,37.1489013184162
163,260,36.34797841345539
163,593,34.76909720026559
163,50,34.41857522642186
163,318,33.30632670787903
163,356,32.76381081308688
163,1198,29.14171027385344
163,150,28.241224928593123
163,527,25.49810069312705
163,480,24.617353670231996
163,2959,24.512352534518683
163,4993,21.975456067673186
163,780,20.516167853700978
163,1196,14.357889595222106
163,1210,12.417129106992247
163,1,9.10403776967914
164,260,130.9621169934855
164,2571,93.05349565446805
164,527,49.0473519889543
164,457,43.897415233052136
164,4993,43.21863872083333
164,318,43.14319052225866
164,356,40.92429016758303
164,5952,40.46535039075214
164,2858,38.5720560599436
164,150,30.244325322029358
164,296,29.78889424371362
164,593,27.911836289242373
164,588,27.369193376431564
164,50,26.74592701205699
164,858,25.283779532140965
164,780,23.127756172400037
164,2959,20.33643360391477
164,47,18.856667544111875
164,32,13.18097035727345
164,1,13.096333904884734
165,260,70.21674090109887
165,589,59.247391644919375
165,457,39.91255558261388
165,4993,37.03699888040861
165,318,36.41142864286401
165,2858,35.66356580754093
165,527,34.15473399939284
165,2762,32.56266967261903
165,356,31.810608141478326
165,593,28.24792305809122
165,50,26.489326671915684
165,296,25.916730653089715
165,608,24.82577299795603
165,47,22.583379999468963
165,150,21.686627835598518
165,2959,18.82853576568494
165,588,16.28908882386352
165,780,15.209370486169158
165,1,11.420413020492205
165,32,9.122090222690934
166,589,58.53873351537382
166,110,49.72944218981433
166,318,45.61204036175854
166,480,45.470131736941205
166,590,40.89296167141245
166,4993,38.58157051685591
166,593,38.06214471018934
166,58559,26.788023171860242
166,1270,24.022865155323984
166,150,23.882989657579174
166,380,20.012105130363658
166,1580,18.933832124861432
166,780,15.84692520121758
166,6539,13.703262326150055
166,165,13.61347885688843
166,595,12.256152975342669
166,364,12.247154819419299
166,344,10.7970477717809
166,231,5.4535355794773
166,1136,5.397784194205208
167,589,44.77956893713221
167,2571,44.20761714112659
167,7153,32.874544744640104
167,590,26.838294331447674
167,457,25.746100108323798
167,527,24.609531798315526
167,50,23.270229218459203
167,3578,23.244016247328222
167,1270,22.658932704460753
167,4226,20.47187757868636
167,377,20.344409243545467
167,858,18.985419172482445
167,47,16.319613917862224
167,380,15.659846973571959
167,364,15.321020362250398
167,780,14.837099280601075
167,2959,14.222804641637719
167,32,9.990619372146826
167,344,9.128711901589218
167,648,8.659406737318575
168,318,60.32871578495544
168,110,59.38794530846847
168,593,58.911703876033826
168,527,49.95349151769358
168,260,49.18347101037906
168,1198,40.57310658862101
168,2571,37.07037333140312
168,50,36.62923818004156
168,589,34.48165726294367
168,4993,28.134515034665625
168,480,26.21956345245081
168,150,25.571840294477163
168,47,24.265581279189075
168,1196,19.025704029571344
168,5952,17.319225184156707
168,2959,17.196700051915954
168,1,15.9048479211247
168,1210,13.155194449617552
168,592,8.356132055012553
168,780,7.7182478922725934
169,589,37.88900456662614
169,260,33.47438415462594
169,2858,32.73946376861031
169,318,31.201616151233505
169,110,30.433710186921296
169,1198,26.862908807977753
169,457,23.51576854308247
169,296,23.207527624105524
169,593,23.206456343894526
169,858,18.75139608879578
169,50,18.05298160391601
169,608,17.225166755892317
169,1196,16.98850232586581
169,150,16.017227434724205
169,1210,14.736046143806302
169,47,14.085199205000611
169,2959,12.162778197660266
169,780,10.96020779827296
169,592,7.834203157990678
169,32,7.61800096299336
170,2571,59.26067760771844
170,589,54.49653445751268
170,260,49.01319953248591
170,2858,44.91239504701291
170,1198,42.47099476607035
170,2028,39.540095133189205
170,527,38.754975796198174
170,2762,31.074465987981508
170,4993,30.377415519983202
170,608,28.069373132299525
170,858,26.77512990574157
170,5952,25.688457478070788
170,47,25.66477438553564
170,50,24.19016346963421
170,1196,23.83768167374998
170,1210,20.756548364180283
170,780,17.323350323344414
170,2959,17.231781575850352
170,1,14.887436704270588
170,32,11.27619918189161
171,2858,43.76930543416764
171,589,41.19416042387594
171,2571,36.405792063925766
171,110,36.008890335692335
171,527,33.1250299957471
171,356,32.97821517650362
171,480,30.20888081118232
171,50,30.200239917048616
171,2028,29.594278916090364
171,7153,28.926906762068562
171,457,27.57930235256704
171,4993,26.975799822338924
171,2762,25.67317745580347
171,5952,20.913958540473466
171,150,20.827980343689248
171,377,18.641802396244945
171,364,16.539489558055582
171,588,15.453803216454018
171,2959,13.28327867598868
171,780,12.189169561585256
172,260,102.47125797085496
172,1198,68.56514479377378
172,480,66.65196767561712
172,2858,65.45597083969265
172,110,64.65056530402147
172,1196,62.93826776051388
172,589,54.84026315363278
172,318,51.63694855235209
172,356,49.6413160376492
172,2571,49.193968835901046
172,296,45.61222193975798
172,4993,37.70941533031294
172,50,35.286695224553306
172,5952,28.80270807490181
172,150,28.74171902607727
172,1,22.066221513625138
172,47,20.182239048729656
172,592,18.864611411097023
172,2959,16.699047086469523
172,780,14.116338717964467
173,2571,80.74127745436267
173,260,67.99815198489165
173,2858,61.883652940628934
173,1198,59.64054670622362
173,527,54.0689397192924
173,318,53.47155417366435
173,593,49.99216675256865
173,457,45.273558401445825
173,4993,44.09665734071303
173,780,36.976147975592674
173,5952,36.109758634601995
173,608,35.17667849327464
173,858,34.767779874289104
173,1196,31.85904218426548
173,50,30.292651714277028
173,1210,30.283042376374052
173,2959,22.709933987518767
173,47,21.915777556750864
173,32,15.899084964355279
173,1,15.840990767871476
174,2571,43.019457770925044
174,260,37.47441058678518
174,110,32.53106710928167
174,2858,32.49506835617714
174,593,31.703507539684185
174,1198,30.255922250516058
174,318,28.49946741349317
174,2762,28.34780119769659
174,2028,25.341882368500485
174,527,24.444027915653546
174,608,22.024604413909522
174,150,21.265333893294326
174,4993,21.085283539581635
174,858,20.504175194536273
174,47,19.458039485435926
174,5952,18.77629705129328
174,1196,18.303127096174
174,1210,17.88319228263153
174,2959,16.0924859004095
174,1,11.526020923854242
175,50,16.4526982276005
175,2858,12.42854244140978
175,318,10.74203564272747
175,2959,10.407678004072546
175,589,9.989914448449708
175,260,9.37875408793086
175,480,8.913378355489384
175,356,8.690068853152916
175,593,8.246061395879044
175,110,7.079207910374317
175,2571,7.037990402044576
175,1,6.231618626309151
175,296,6.126419185763927
175,1196,5.829623153747037
175,780,5.755778452119026
175,4993,5.23905499368538
175,1210,4.459662309372678
175,527,4.15113012273717
175,150,3.672834323314338
175,1198,3.356337066406571
176,2571,76.4153367524511
176,480,54.76488364904474
176,260,49.56723877830173
176,608,42.47757650457616
176,2858,42.314119836936726
176,1198,42.215750848409094
176,2028,40.87667736368532
176,356,38.85034986533882
176,50,33.7615793669628
176,527,30.985104475698535
176,4993,30.24811475513161
176,2762,29.58789539221899
176,5952,29.447998968182812
176,858,27.443721093647394
176,1196,27.30760793710422
176,1210,25.82441503539455
176,2959,24.696414376003
176,32,13.568292050853735
176,364,13.28084518574105
176,1,9.320589955033673
177,2571,32.416097849369486
177,589,31.566860367764697
177,110,30.82232925047069
177,590,28.453548677978347
177,2028,24.479840020307712
177,457,23.84091485629769
177,50,23.7888118143808
177,2762,23.113814746567837
177,3578,21.785875294438544
177,4226,20.979974193705587
177,5952,20.329512973634117
177,79132,18.067636060291115
177,153,14.039516117138591
177,165,10.150666714290882
177,293,9.970312364658213
177,344,9.04400036292737
177,316,8.521837690175703
177,32,8.345876419229603
177,10,5.401226725119284
177,231,5.025015652642756
178,260,62.43135464893569
178,3578,39.72529218947245
178,608,37.83965890755646
178,858,37.168771966378856
178,2762,35.84903726514764
178,58559,32.787326474590586
178,150,29.40251582848306
178,1196,27.809625362608088
178,588,23.512091554794196
178,1210,23.16608177979378
178,1214,21.78722482923929
178,1580,19.760736372634554
178,364,16.56746759887251
178,367,13.672529713788133
178,165,12.028017557781158
178,592,11.978594763403942
178,32,11.750305497904534
178,648,11.019314562038858
178,344,9.082202268695807
178,4306,8.830281728951254
179,589,56.57830297677649
179,2571,48.33580931912606
179,260,40.77475900895375
179,1198,34.68096515821404
179,2858,32.65106799146741
179,2028,29.702431501530988
179,377,28.933677621386167
179,527,28.33473651335102
179,2762,27.453658512720175
179,7153,27.288583680607445
179,4993,25.67615218433312
179,50,25.28647254338994
179,5952,23.91626280725425
179,858,23.220652281890864
179,608,21.671459055890338
179,1270,20.81884250134855
179,1196,20.051146468386744
179,1210,17.851367993346358
179,588,17.25789334834976
179,2959,15.91529775274996
180,260,88.60416358383752
180,5952,70.21744607669075
180,589,63.600189150730586
180,1210,56.32222775334153
180,480,52.57895607108707
180,110,43.73001672062575
180,318,42.56606257078229
180,457,39.776334442686775
180,356,32.5209500544881
180,527,31.756945844703036
180,2858,26.51757852984614
180,593,25.03770602858184
180,150,23.490498867066563
180,47,22.707667453100193
180,858,21.504465523707374
180,592,21.10160050278393
180,50,20.583733367823992
180,780,16.063810400896926
180,296,15.387410149383255
180,1,15.069128119982434
181,589,35.134268627295555
181,2571,27.783373701573822
181,318,25.80189407467942
181,2858,23.210459646089564
181,260,23.033452747616707
181,110,21.855853326517714
181,50,21.26696112474575
181,1198,19.683240045079597
181,296,18.553399814099066
181,858,17.84173673641791
181,527,16.77974827227111
181,4993,14.767445192773495
181,780,14.104637628645877
181,2959,13.831088756819499
181,5952,13.819461536522903
181,1196,13.539958171163374
181,150,13.342475833033951
181,1210,12.159561735581642
181,1,8.692654189303575
181,32,6.583194275486787
182,7153,18.772102856495923
182,1704,18.035975686127166
182,79132,14.863799795845374
182,58559,13.366175992022336
182,1721,13.132783998159283
182,1089,12.454706248978507
182,1221,12.400478979287502
182,34,12.19348948195373
182,1036,11.288002586463223
182,500,9.75360528877814
182,344,9.618586143061755
182,588,8.515348278313557
182,736,8.364729457378916
182,6377,8.191187658932643
182,367,8.147673599785435
182,364,7.695873143745221
182,5989,7.659281971653719
182,595,7.574920631798482
182,8961,6.592065292065172
182,597,5.985903547122655
183,2571,82.55182982309623
183,260,78.97977093478244
183,1198,55.547770998431645
183,318,47.39714738565091
183,457,46.31011615503382
183,527,39.02948684054767
183,356,36.91219639047307
183,593,34.429051299034846
183,2858,33.807072450298605
183,150,32.272317124234185
183,5952,31.400539292656415
183,4993,30.652182298135138
183,296,30.559157505787553
183,50,26.72671869165384
183,47,23.75361084299385
183,780,22.311066715223518
183,2959,21.660203736584876
183,588,17.551707243376473
183,32,11.508232070232177
183,1,10.757463937876127
184,2571,30.68054898500285
184,589,30.50021971991138
184,260,28.814986305107364
184,110,25.517021022326173
184,480,23.262482340692326
184,2858,22.27182913949427
184,50,21.089206082070422
184,318,20.548591710965972
184,1198,17.449513826517048
184,527,17.24406823352671
184,356,16.724995020902313
184,593,16.514062269027477
184,4993,15.919100302101123
184,296,15.65290661519957
184,2959,12.746697740473328
184,1196,12.44566399640219
184,1210,11.663621543551484
184,780,11.407214647725903
184,150,10.73551838047624
184,1,7.1871797970561655
185,2858,38.19068112566915
185,4993,37.55898294997283
185,260,35.04938592877151
185,318,30.943465665608617
185,110,29.009538641662925
185,2571,28.056808574212017
185,589,27.364941960510368
185,593,26.686175325123976
185,356,25.845487919257852
185,527,24.779666224340993
185,1198,24.64518194209582
185,50,22.37718063068406
185,480,17.765852813580807
185,296,17.723792146078868
185,47,16.654582992663865
185,150,16.388686649323294
185,1196,14.406508032559287
185,2959,12.91120361680816
185,1210,11.070293464143354
185,780,8.530402888946785
186,318,35.27095389826022
186,110,35.05695211971136
186,356,30.23247449558301
186,2858,30.04831302701746
186,7153,29.861729712221724
186,2028,28.52784990279325
186,527,27.597707854396443
186,5952,26.598459909337535
186,1270,26.127418100423125
186,457,24.46849729131275
186,858,22.958473710246135
186,608,21.769542704414075
186,296,21.721254583113424
186,50,20.978113192215563
186,150,20.709416549248854
186,2762,19.5898909870499
186,588,18.93491016555021
186,47,15.725111018339167
186,2959,14.198628795452173
186,32,9.357737141197095
187,260,39.21397956280143
187,589,37.76698903664306
187,7153,29.44278668147349
187,480,27.75537086340725
187,110,26.151755037519024
187,2028,21.811567668993288
187,457,19.973806951925802
187,858,19.350880068625077
187,2762,18.24838511552298
187,3578,17.85901569088848
187,150,14.718610931529359
187,1270,14.649058535503984
187,592,11.667135393094613
187,1,10.609986530861374
187,32,9.09608103030115
187,344,8.90046189984034
187,588,7.922396136340467
187,364,7.443275507154366
187,648,6.91754304096946
187,4306,6.0397607394313875
188,318,64.75668473561812
188,593,62.24821573396055
188,110,53.98453018524178
188,527,49.98519745108229
188,260,49.45122798252916
188,1198,43.585697063211754
188,2571,41.57218992423461
188,589,33.48227844451105
188,296,31.740636750821498
188,4993,29.63150553601315
188,480,29.538009804199845
188,50,24.6290633937371
188,150,23.320856362619907
188,1196,21.656380938955813
188,5952,20.526286477169243
188,1,18.481896236110813
188,47,16.672635613524033
188,1210,10.956219024102149
188,2959,9.23030272007918
188,780,8.166750164429484
189,589,120.86731905382355
189,110,111.42921546254306
189,260,111.26917372386592
189,480,108.3962031613485
189,1198,97.63064283682638
189,2858,93.3003594497232
189,457,85.21376655042165
189,356,77.06209701502317
189,47,57.96238404472889
189,858,56.14746491855369
189,296,51.69811102793173
189,150,46.59763282047158
189,1196,46.07154677097984
189,588,41.582896763532304
189,592,41.10115331897458
189,50,39.85814677915904
189,1210,35.811852205504685
189,780,26.838336763346145
189,32,25.158291973151947
189,1,24.383859598719155
190,2858,48.923778992727094
190,260,47.51050468883051
190,110,42.00707984208718
190,589,37.19968998442816
190,593,36.56435843343659
190,480,35.98603729722748
190,527,35.64713837223083
190,296,33.575688471873384
190,50,33.31333882052725
190,1198,32.72264779819743
190,356,32.36227970563798
190,4993,26.767163357472892
190,1196,23.002745918565076
190,1210,22.69544475983157
190,1,20.804222514596535
190,150,20.781260209052345
190,5952,20.444103436033853
190,47,20.285236083961024
190,592,12.624704284420325
190,780,12.493658598725109
191,2858,29.91382198385669
191,593,25.39140177947415
191,589,23.68855827080494
191,50,22.374607085689615
191,457,21.198535861322828
191,356,20.676452663058868
191,858,20.523232721507945
191,2571,20.058620513611395
191,260,19.942853624467105
191,527,18.794115779824732
191,480,18.32436285599018
191,1198,15.960374593099207
191,4993,14.934731290398192
191,2959,12.489449971363635
191,5952,11.227578689117674
191,780,10.813741875484105
191,592,10.721276934025726
191,1196,7.149566377641193
191,1210,6.3377537391574705
191,588,6.189174553471662
192,589,94.80817235225409
192,2571,70.69170765768166
192,2858,63.539431524896884
192,318,62.65181512335958
192,260,60.795736405603904
192,1198,55.544653464669864
192,527,54.41144315054428
192,457,52.87066094102746
192,4993,39.55732629524681
192,858,38.30713934762278
192,5952,33.07776485318472
192,780,32.2053846168061
192,50,29.335701593015184
192,1196,26.68092423019264
192,2959,26.678109459773097
192,1210,24.898044071162687
192,588,20.100465809995992
192,32,14.178107680771191
192,592,12.934857818426606
192,1,11.959340513204069
193,2858,90.87627419943914
193,2571,75.67166005266843
193,589,73.3285573111898
193,110,72.70725515029987
193,1210,72.39792122563865
193,2028,66.37890066684204
193,7153,58.125039906473305
193,2762,54.16759502821568
193,457,52.198136387169626
193,4993,51.214484108592536
193,608,50.803322742390506
193,150,39.557945641254136
193,5952,39.03389094059054
193,50,37.60955065458467
193,47,31.64924857223996
193,588,25.222134210221583
193,364,24.83001877350962
193,592,18.69329327550396
193,780,18.559172028693975
193,32,12.087219273382592
194,110,46.05299507563321
194,2858,37.04698286587734
194,260,35.609221482467255
194,2571,35.40335252394776
194,1198,34.552915086451684
194,589,33.98912967647336
194,527,32.32230686527601
194,318,31.91579940102316
194,593,30.953204426112812
194,296,29.06227922671043
194,356,27.79495867886036
194,50,27.492663106100252
194,480,27.04965640293956
194,4993,18.987558413807204
194,150,18.867871625206682
194,1196,17.437616773374703
194,1,12.732754895536255
194,1210,11.13199046267401
194,2959,10.136060865599188
194,780,8.299847493727732
195,2571,39.04253129633671
195,110,39.03555550220254
195,480,36.68753514886068
195,1198,34.58022646331276
195,593,32.42819388888729
195,457,30.400888491248196
195,356,30.13708243195974
195,858,27.150172820451907
195,2762,26.53062962428223
195,7153,23.523647862296
195,47,22.499649047302473
195,4993,21.99625734362244
195,5952,18.193828150446187
195,2959,18.156486777417552
195,380,15.830544195212408
195,780,13.344915635047908
195,588,12.412897319452327
195,592,11.82975471121564
195,364,10.793529658944397
195,1,10.026674357318972
196,589,93.07710137665171
196,480,83.19655316580285
196,4993,81.14367291828847
196,260,77.10770992349526
196,1198,64.94479442445528
196,318,64.39107583947926
196,2858,57.26775060858591
196,356,53.58676733356911
196,527,53.02965935474865
196,593,45.65098311222676
196,296,41.27838990911376
196,858,37.308727424268326
196,50,32.979157611107254
196,47,32.714016806346365
196,1196,31.122873666697267
196,1210,27.02832322477817
196,780,25.966952315240437
196,2959,24.18522293980129
196,592,22.040086869121783
196,1,16.15713577812982
197,260,75.92154953193374
197,2858,62.01155197138175
197,110,59.063903319784245
197,480,57.464696995124
197,593,53.14301371008212
197,318,53.00360346641499
197,1198,50.515567007950956
197,457,49.46940252236465
197,527,41.46686133067826
197,4993,36.47499083202641
197,150,35.887121097265194
197,1210,32.42451303674019
197,5952,32.30671025826671
197,1196,30.051410665387806
197,780,29.96642809200717
197,47,28.754951221458512
197,2959,22.844357788499682
197,32,20.669314072900807
197,1,15.005140202770148
197,588,13.503035614413555
198,480,39.831077724099295
198,590,38.96340859393976
198,527,35.693566753565676
198,858,32.68673858749022
198,7153,32.48613936674522
198,457,29.522428720209568
198,5952,25.497486202559063
198,1196,24.759937204682036
198,1210,22.853141773968744
198,150,22.18456681628378
198,58559,19.37020285372987
198,380,18.102794589588154
198,377,17.215355590844574
198,1,13.551798493320991
198,592,13.248142600768098
198,588,12.479290967804594
198,367,11.038715403345691
198,6539,11.035825331519549
198,165,9.508849272189899
198,4306,6.22940225588094
199,110,46.399694271178184
199,318,44.12552231553252
199,590,40.94173679322446
199,296,34.39692209289318
199,480,32.90852594825562
199,7153,27.15716489596921
199,4993,24.46257308384288
199,1210,19.84968108004646
199,1270,19.553906646969963
199,5952,18.9049073243794
199,2959,16.57304596140166
199,780,11.778894727109114
199,32,10.993324086830418
199,1,10.699746003003717
199,588,9.886178643423381
199,344,9.157198964638038
199,364,8.682443200815463
199,648,8.496515682277499
199,367,7.935674234007495
199,4306,7.281509192711137
200,589,41.62272589170135
200,457,25.51864271065368
200,2028,25.498032420053377
200,593,25.13196761013877
200,50,24.198058516881055
200,527,23.013264818566714
200,608,21.94813115436294
200,2762,20.164170295612127
200,858,19.99738246051098
200,377,18.933336430674277
200,380,17.59264315133764
200,6539,15.376440794630343
200,592,13.317509681475379
200,588,13.064565924584384
200,648,11.48624372662905
200,1265,11.31198505496698
200,364,9.95146468540829
200,32,8.932523070290928
200,595,8.86051142440621
200,1136,6.742474504065555
201,2571,51.5713500211872
201,110,44.84907577209404
201,1270,37.029220313274976
201,318,36.09920418330869
201,527,33.20471132798682
201,457,31.582701645752888
201,608,30.731321820850244
201,7153,30.20220066651009
201,4993,28.105405156605034
201,1580,27.22754259476435
201,50,27.07433710276164
201,858,25.686493877476995
201,5952,24.66589452660987
201,377,24.334301754401547
201,47,20.418065784111633
201,2959,14.944262624807125
201,344,14.525332788495353
201,588,13.737935878603002
201,364,10.062825837982807
201,4306,7.956111522923015
202,527,33.413941792987195
202,608,29.73173141641438
202,1704,27.533056962827125
202,7153,26.992883311870937
202,3578,26.965806293005954
202,4993,25.123515602378475
202,4226,24.37391897460634
202,5952,19.528964015565354
202,47,18.903154562993603
202,58559,18.30625220879083
202,380,15.075435713824383
202,2959,14.588594651224755
202,165,12.16881072406075
202,364,11.588118356655166
202,6539,10.417290840654626
202,344,9.86994443819048
202,6377,9.66255434811795
202,367,7.591062736659366
202,4306,5.83566246764831
202,231,3.5656554819544652
203,589,64.07470028238225
203,260,58.367511588892675
203,480,55.8978994567021
203,1198,44.997725244023584
203,356,38.0930577546157
203,2858,36.53981271562953
203,457,36.137254344102395
203,527,34.136143566920374
203,150,32.271698898705544
203,593,31.890936876303297
203,1196,26.42386962462467
203,858,26.081192223415975
203,47,25.70770686626929
203,50,24.343069675523964
203,1210,24.23149697695867
203,780,20.281230747850294
203,2959,18.6157612877366
203,1,18.611999802875808
203,32,15.791134453756138
203,592,15.20059739994335
204,110,42.69924867228041
204,318,40.88425274183084
204,589,38.087978575106575
204,260,34.205867862245306
204,5952,32.15537870737156
204,457,29.98357720734719
204,1198,29.681800711129785
204,608,29.624241110688438
204,356,28.999802673785506
204,858,28.72554220287724
204,480,25.52176626651634
204,50,25.150475754509642
204,150,16.421080046273865
204,592,15.356938921113132
204,1196,14.93901965714433
204,1,14.345535257014852
204,1210,13.023330735131603
204,588,12.85570159037974
204,32,12.58291569646355
204,780,9.309662120765744
205,4993,85.67561719036092
205,5952,85.27486132121147
205,2571,77.02083074139848
205,1198,73.60304654109841
205,110,68.47530037971943
205,589,66.96873940523362
205,1196,61.32013841138525
205,2858,60.291019414978145
205,1210,58.5857127770538
205,480,57.959673869215386
205,527,57.61372208451175
205,318,56.08209987256895
205,593,45.91588396213047
205,296,34.641119865578105
205,150,34.63312267955699
205,1,24.333107479905102
205,47,22.850492071841526
205,780,21.370788326974502
205,50,20.635545658975932
205,2959,16.01161410329047
206,318,39.54755177000342
206,2858,35.53774615557791
206,589,35.07868897341713
206,593,32.819875726943245
206,110,30.20006205523234
206,50,28.819112766930896
206,260,26.44685970792271
206,296,26.256181903028963
206,480,25.59890022486472
206,47,24.927202823585272
206,356,24.909665641746695
206,2571,24.45953392380512
206,527,19.534099337198654
206,1198,17.64129421957766
206,150,16.29141795680327
206,2959,15.262777874277338
206,4993,14.451789364973628
206,1196,12.787553178448476
206,5952,10.685192476284096
206,1210,10.287767667211648
207,260,38.07880496905367
207,589,30.59793339210811
207,110,28.041245327686422
207,1210,25.13858095574864
207,593,24.52697189326516
207,318,23.79022607895719
207,1198,22.342209894218236
207,2571,21.628426595947936
207,1196,21.289794088512945
207,356,20.576386437155637
207,50,19.06369193219622
207,4993,17.732523493101173
207,527,15.85646527768613
207,480,15.797782532492024
207,47,14.012974601665936
207,2959,13.847071283753541
207,296,13.548850752578842
207,150,10.43468391051955
207,1,9.648649378304176
207,780,9.267911599929949
208,260,95.3971710697235
208,2571,74.11884423476114
208,1196,68.52442550820855
208,480,68.2199183836029
208,1198,57.52658893210304
208,2858,37.56839937186519
208,318,36.38549349571725
208,527,36.36875148374446
208,356,35.61618358150937
208,4993,32.72990208639039
208,5952,30.33586382770328
208,593,28.38049056226981
208,50,26.59549833899615
208,2959,25.724099435971603
208,296,23.336182031726274
208,150,22.264092693760748
208,47,21.412743236755727
208,780,16.803012004285357
208,592,12.228533424433952
208,1,6.356061026921393
209,260,116.99371400929971
209,589,113.57175675723641
209,110,98.33195915691327
209,480,91.6500834628079
209,1198,90.73376108133608
209,527,75.25396899889878
209,318,70.21048013994184
209,457,61.62394471516988
209,1196,55.02252783059156
209,1210,53.253452141904155
209,296,49.19568901262285
209,858,45.58525221596835
209,150,39.150501167799696
209,47,37.04214153541705
209,50,33.50890892308441
209,588,30.943312662706603
209,780,19.492486148610283
209,1,19.167306623916513
209,32,17.717265413416758
209,592,15.94904156205996
210,480,50.26402934429879
210,110,31.393298829100708
210,318,27.02837543685826
210,457,24.923414067013077
210,356,24.437776194971804
210,1,24.093565571727908
210,50,22.614218196498776
210,527,22.52937304519348
210,2858,21.930200251435398
210,592,19.104373925632025
210,593,18.606177755766407
210,150,18.245362420133688
210,780,16.31591629479338
210,858,15.54418957605327
210,588,15.422700302864024
210,2762,14.638158080771866
210,47,14.354380566053479
210,608,14.1731651985451
210,2959,13.507353764005313
210,32,9.010686361208078
211,589,55.680830357069645
211,110,51.33116749893098
211,480,48.972237246502374
211,1198,43.71581973775201
211,5952,40.92630951076792
211,4993,40.40938973687462
211,457,37.268597750902416
211,50,35.277473342403475
211,527,34.35801415963037
211,593,34.2204887279634
211,356,34.1362753808604
211,608,30.36519331794498
211,2762,28.76712733897023
211,47,27.530666377971492
211,150,23.567912777699085
211,592,20.390498404990172
211,1,17.831867942234638
211,588,17.242226170630055
211,780,16.948166564838594
211,32,12.962662970334327
212,110,37.23744789873536
212,2028,27.944726174931887
212,527,27.85173862689165
212,457,27.807501998031267
212,4226,24.2108896503827
212,50,23.911773416074716
212,2762,22.459920124275992
212,1270,21.76865851091618
212,858,21.121534664684237
212,588,20.47379686452319
212,377,19.601520855708298
212,47,18.96394169900959
212,150,18.514257810865114
212,1,18.21752064321331
212,380,15.892951133684925
212,592,14.842939383459775
212,1580,14.760100587278847
212,344,10.10622151402281
212,32,10.083985064405006
212,648,8.25871336118722
213,2571,44.50887130071847
213,260,42.10397404055514
213,480,40.76711499285796
213,110,35.64805181440707
213,457,29.260798455356298
213,318,28.486758633785435
213,2858,26.907223816907692
213,50,24.996452948405434
213,1196,24.567291534197327
213,356,24.53467346443025
213,593,24.42334819681564
213,1210,22.941820708096177
213,527,21.857099313790947
213,2959,19.682944659818517
213,47,19.185490168960815
213,296,19.138723322120573
213,32,13.867818464917695
213,780,13.249859408946051
213,150,12.970159122643327
213,592,9.157072111611523
214,480,29.58806195775076
214,589,28.647048119183257
214,2571,24.243853967612164
214,593,21.564982062120755
214,356,21.213516718742735
214,260,20.722559882518222
214,318,20.5919915705095
214,2858,19.145547849645492
214,150,18.146612313254245
214,50,17.895754642849994
214,110,16.07753045424057
214,296,15.956475721718807
214,527,15.38850860145122
214,1198,14.969287867207179
214,4993,13.96138040874117
214,2959,13.346069320421098
214,5952,12.32362033673746
214,1196,11.677170155531268
214,47,11.3851386972608
214,1210,9.05248529935666
215,110,52.849070313278865
215,589,46.901315359109745
215,2571,43.564633060186495
215,480,41.278398641239804
215,858,39.397156420440425
215,457,36.8512925452291
215,1210,32.973722267257486
215,47,27.319175615944452
215,150,22.88688155950621
215,1270,22.56179224570991
215,377,19.72553849505064
215,1580,18.838362512035406
215,588,14.637861857682362
215,1,14.463333107827157
215,364,13.02054611524979
215,780,13.00418509280066
215,380,12.266361593591101
215,592,11.008592010905323
215,32,9.210946206568684
215,4306,8.318434326735822
216,318,36.81981306038521
216,260,34.86920582484401
216,593,31.717177919391382
216,110,28.694711212842535
216,356,27.00017368725869
216,50,25.634386007308162
216,2571,25.44022780771693
216,527,25.149871379493543
216,296,23.13792283756226
216,589,21.43738768170958
216,480,19.08846218607432
216,4993,17.066904714904
216,1196,15.87591764366151
216,47,14.369287926254987
216,150,12.907049770282503
216,5952,12.85509887457515
216,1210,10.87494506865531
216,2959,9.900029850969789
216,592,8.69526762170744
216,780,7.458010142811542
217,318,23.123891325480454
217,2858,20.25334621970849
217,593,18.162754817484178
217,4226,17.947213188216406
217,1580,16.020528301895133
217,527,15.43765651761018
217,3578,14.691390014766917
217,7153,14.036161984969091
217,4993,13.993285051156272
217,377,13.808267277236759
217,5952,13.437527348021703
217,2959,13.275721792055272
217,150,13.24817195781206
217,58559,13.160204661293658
217,780,12.229180105896512
217,588,9.98467285271357
217,6539,9.910970239773976
217,364,8.67606400798275
217,32,8.050488575502714
217,4306,5.67193935688868
218,2571,79.47884192261645
218,260,53.19123674971916
218,4993,52.50736709466597
218,589,48.68437166094729
218,480,40.78281115826069
218,2858,39.47807231074036
218,318,36.51623491427572
218,110,35.29210488085683
218,47,32.57467842282886
218,356,32.53756143102544
218,527,32.49485959070139
218,593,30.19270978183072
218,50,28.19548638984911
218,1196,26.922958770364477
218,1210,24.122513642457307
218,296,22.40522416590963
218,2959,22.33522478183642
218,150,16.26640704789195
218,780,12.571520440886887
218,1,10.18387363477232
219,110,28.024917779816832
219,5952,22.40156202621217
219,356,22.095506379834557
219,590,22.070280730658045
219,527,19.727762156873666
219,79132,19.54076219461812
219,2762,19.42970415573403
219,1270,17.34804585066877
219,153,17.038558776226584
219,1200,15.637572271265178
219,150,15.601134825492744
219,1214,15.491841461073829
219,541,13.35146064649737
219,34,13.324055846285518
219,1193,12.595552241313873
219,8961,11.206561457013827
219,349,10.17796522244259
219,1206,8.542555890599829
219,597,6.75288932595229
219,4973,3.8673994668464657
220,260,64.78538543824493
220,110,41.203782245010096
220,4993,35.676838332184175
220,2858,34.37088478830616
220,457,33.749431338208105
220,527,30.25262060675675
220,593,29.691730414045523
220,2762,28.827217298902703
220,79132,28.0357220665232
220,3578,27.812125501582646
220,1214,25.186301409042997
220,380,24.668468777068178
220,6377,19.922693014152028
220,592,17.816098808196365
220,367,16.02394414680735
220,595,12.591087766900921
220,500,10.934342946880227
220,1197,10.020404124292
220,1136,7.7819232657584845
220,597,6.567722555936307
221,110,47.72357085101679
221,593,44.11422834481254
221,260,43.12656618652359
221,2028,35.82443648686418
221,2762,32.02609839821164
221,457,31.342903176477698
221,7153,28.389673636578454
221,4993,24.97531434365095
221,150,22.130859566142185
221,1270,19.106645087988444
221,47,19.063339100878036
221,5952,17.622131173468738
221,1196,17.600696136298456
221,377,15.689743275311494
221,1,13.419705318883672
221,1210,12.499594421349267
221,380,12.318910045317523
221,588,11.04313555615992
221,364,10.65884495264407
221,592,10.621182820199865
222,589,47.720427097483714
222,2858,41.649089291313345
222,318,38.33007722031515
222,260,36.85993187561761
222,480,33.257232298104405
222,593,32.67958886047524
222,608,31.616312831539332
222,7153,31.089218954558127
222,457,31.01176561095082
222,150,20.977956038193252
222,377,18.96643920745608
222,1580,18.612303252400476
222,380,17.104200080664345
222,1196,15.650960155487041
222,1210,14.118950074362935
222,592,13.191359470041014
222,588,12.902942328823903
222,780,12.542204732728292
222,1,10.566986986851798
222,4306,7.839875501188395
223,589,79.51581180840495
223,2858,57.1395818610099
223,296,53.30768896236118
223,4993,52.056601251685706
223,318,51.18928714444939
223,5952,50.12698014491824
223,2028,47.02427012117818
223,527,46.23553906310055
223,1196,41.94160701533137
223,356,41.723472268367935
223,1210,37.17298914709105
223,50,34.62966485022805
223,858,33.503885520099736
223,588,30.553846986774428
223,150,27.80292276490564
223,380,26.0535779733839
223,592,20.290035991255614
223,2959,18.773597906805843
223,364,18.746809945572615
223,32,13.31484816744714
224,2858,63.85860118128013
224,589,59.12289792553513
224,110,56.96465992182642
224,318,51.354347128774606
224,1198,49.63329131661808
224,1196,48.61636846064841
224,480,45.87976430538548
224,2571,45.44482825741019
224,296,39.170401280702436
224,457,37.40410274702019
224,4993,31.2909249699482
224,50,29.698811675232445
224,150,27.43745519181357
224,5952,24.55527196661234
224,1,20.252850136289265
224,47,19.386082074141424
224,592,14.02789813294673
224,780,13.9760600776593
224,2959,13.744626659826862
224,32,12.479659534317028
225,260,35.16371681978155
225,589,30.29461936129148
225,480,29.471598954457324
225,2571,27.263280473786278
225,110,24.445642857654555
225,318,24.37593681885489
225,1198,23.28251949941257
225,356,23.035475375181758
225,593,22.035687281599735
225,1210,19.81632614427311
225,50,19.30955544134831
225,527,18.824149759696187
225,296,17.5163349578576
225,4993,15.348849448915958
225,1,14.993754977620224
225,47,14.736888041472163
225,5952,12.71188380224157
225,150,12.535468644026686
225,2959,11.499457264679185
225,780,10.257091500811356
226,318,26.24771197044579
226,110,26.22855222823708
226,593,21.818877955248805
226,457,21.495508272011115
226,50,20.85812585753637
226,2028,20.594401163979814
226,527,20.06480083509158
226,2762,19.9623469517974
226,4226,19.227599533659113
226,858,17.195234244050386
226,58559,15.00469955583009
226,380,13.675552341415868
226,1721,13.030603989132587
226,1214,12.925118994185135
226,592,12.150397192647295
226,1265,11.751501712078193
226,344,11.635427521938873
226,165,9.703870093935642
226,597,7.836739832244493
226,1136,7.118604245589306
227,2858,62.589882143296016
227,4993,51.70773299269076
227,1198,51.69055823154744
227,480,50.41262764160578
227,2028,47.893122993386875
227,356,45.71470644378111
227,5952,45.56940835351512
227,608,43.69452506820834
227,2762,36.401385709394894
227,1210,34.12245276155995
227,50,31.910661171674313
227,377,27.44787284467489
227,1270,25.750336014630065
227,588,19.255331599811047
227,380,18.567646481409543
227,592,17.800775388772347
227,780,16.81668052584913
227,1,16.124618731956016
227,364,15.40048308163244
227,4306,10.215839130480521
228,1210,78.76482399784058
228,589,64.98722316955777
228,480,62.98935510416489
228,1198,59.652028066999065
228,457,42.35534982786092
228,110,42.06886454437753
228,356,34.91870355541776
228,1,33.31571741733287
228,2858,33.26700241847408
228,4993,30.057558758436517
228,5952,29.64428251927374
228,527,29.44926238358211
228,296,29.438202786888695
228,593,28.612981972510767
228,150,26.569857491018457
228,47,25.340377508644153
228,780,20.745664432609214
228,2959,18.106007534172115
228,592,16.302684222537778
228,32,12.955120146189667
229,2571,57.606076427518815
229,260,46.870366079346276
229,2858,46.36509308952207
229,2028,39.73756134785649
229,1198,38.54390116054825
229,2762,34.02968480061614
229,608,33.89518316075503
229,7153,33.458755165098786
229,4993,31.69163097998045
229,50,28.943322602641228
229,858,28.490180018147438
229,5952,27.58778120495642
229,1270,22.547545796951432
229,47,21.45407432061342
229,1196,20.789074657115915
229,1210,18.105695241815095
229,780,17.611945222638198
229,588,17.405435629096583
229,2959,16.057037195699024
229,32,13.269245367970182
230,2571,70.92323903735753
230,480,54.89301417647568
230,260,54.16456578540062
230,110,46.30176974586562
230,4993,45.62609944725584
230,1198,42.264675385678366
230,2858,38.73366279971312
230,2028,37.78650037488155
230,457,35.778709241260046
230,356,34.34981653428298
230,296,30.47694653104417
230,50,27.714771503306306
230,1270,26.479631738321412
230,1196,25.239214931484256
230,858,24.849226515172553
230,608,22.62586915894869
230,1,22.160826107986797
230,1210,21.88711856802361
230,4306,17.304726788974023
230,32,10.961372866614559
231,2571,150.54609815394414
231,480,128.28791684783954
231,110,109.96659078708123
231,4993,99.14382332271406
231,1196,89.68629973650899
231,318,86.69721191246249
231,356,81.89725347893602
231,1210,81.29158776483735
231,457,76.83143441021055
231,150,57.44932559147162
231,608,56.820768289110276
231,858,54.147032174532015
231,50,44.248243664345935
231,588,40.61360959752165
231,47,35.22872664821786
231,780,34.77335666041034
231,2959,31.8147898011087
231,592,31.05312485234782
231,32,19.164419037802183
231,1,17.76976556458623
232,318,20.893889203574613
232,2858,20.737237765227327
232,50,19.680550898528125
232,457,18.333553562552783
232,593,16.05990744833323
232,590,15.484494558004137
232,608,15.418489006853662
232,380,13.50386614565538
232,1704,12.615982219363106
232,1214,11.490781094100017
232,4306,10.695961603285282
232,367,10.521002499937016
232,344,9.827340157336758
232,6377,9.603983307026054
232,316,9.536176761140982
232,1265,9.361377118755733
232,592,9.2657441153561
232,595,8.660943102852722
232,648,8.524272029403258
232,32,7.522039659554138
233,589,59.66099660121313
233,260,48.241893978859345
233,590,44.30573485910931
233,480,41.995825207253105
233,2028,41.50646082250318
233,1198,40.168186814005466
233,4226,37.82431303983195
233,356,37.47972919137995
233,3578,37.344810786256886
233,457,35.42938968343445
233,377,23.055334367971916
233,1270,21.670271807236034
233,380,19.004947107765464
233,1196,18.877976898620943
233,592,18.58060285412805
233,1210,16.17755538296101
233,588,14.887594803738741
233,32,12.147663118913073
233,344,10.971187584728638
233,364,10.921351339304
234,589,40.061725798960765
234,1210,30.91021375874287
234,318,24.583099021436773
234,110,23.07953388002809
234,457,20.350803310804892
234,50,19.626219480427018
234,356,19.110210950543063
234,527,18.649754875761595
234,2858,17.293712291398986
234,4993,16.877645829978544
234,592,16.67485585320359
234,5952,16.54842595072438
234,296,14.749001818933259
234,47,14.139560262031077
234,858,14.123077030511963
234,593,13.919801434861808
234,2959,13.852365879210698
234,780,13.13569443720779
234,150,13.004009782435851
234,32,6.138927651101259
235,2571,56.645906230269496
235,260,51.68455494470439
235,2858,47.974571387734805
235,593,46.55420111993469
235,1198,41.407264559091246
235,2028,41.37809772250147
235,7153,34.38428203339072
235,4993,32.89124876485486
235,2762,32.47335818085533
235,608,31.756006007919265
235,858,29.30680110666892
235,5952,26.585060212257485
235,50,26.475444734255593
235,1270,25.379252153510148
235,1196,23.424794129814664
235,47,20.290709919676516
235,1210,20.070783269612065
235,2959,16.30171648459153
235,1,14.45978466273293
235,4306,6.97365286489102
236,589,30.113414411145676
236,480,28.11868018867053
236,593,27.818046445069314
236,2571,27.74218653562307
236,260,26.98463392882336
236,318,25.702925159063696
236,110,25.33524214597894
236,296,22.293294362330165
236,1198,21.71578587898769
236,47,20.99806724041502
236,50,20.46820713989643
236,356,20.311312351196847
236,527,19.821750204624472
236,2959,19.04558607181983
236,1196,15.883253542162468
236,4993,15.02504838064857
236,150,14.201586322221807
236,780,13.825101533584927
236,1210,10.09673497802675
236,1,7.6974850212851695
237,589,45.73507687891649
237,260,42.45373934296256
237,480,39.946965475773865
237,110,38.54304725993355
237,1198,31.28599613828647
237,356,28.5130232886235
237,593,28.084610063459497
237,858,27.993254842449925
237,527,26.812243879719386
237,47,26.363483987068058
237,296,24.34391170777159
237,1210,22.975179259162758
237,4993,22.47838406303098
237,1196,22.0747433656035
237,5952,19.74863645763241
237,2959,18.955132756650713
237,150,16.036141648135153
237,592,15.469573747411003
237,1,15.46646902846228
237,780,15.064203236567868
238,2858,63.046240046529476
238,318,61.434085218225285
238,296,55.971021719554265
238,110,55.66962874585725
238,260,55.5976286343159
238,527,51.73122119836153
238,2571,50.64354700410198
238,1198,46.848002509769316
238,356,46.52095961727963
238,589,38.87245511380466
238,480,33.45981572580911
238,50,31.760370895771825
238,4993,30.86704310480428
238,150,28.187891486049196
238,47,26.819900814610172
238,1196,21.458625143323534
238,2959,17.37792236280079
238,1210,15.050528666718089
238,780,13.062428256151405
238,1,10.604099735847537
239,260,54.379791532776736
239,527,32.184804272059864
239,2762,28.865789819011546
239,79132,28.16934931673956
239,4226,27.7709904238565
239,377,25.51466505747825
239,1270,25.1789323521334
239,47,25.14854080772719
239,150,23.281748268184934
239,1721,23.214956331299447
239,1089,17.178177397803402
239,165,16.177821853929103
239,592,15.664556297522463
239,367,14.498523998418236
239,344,12.910084462879269
239,648,12.592983548904623
239,4306,12.53127952289675
239,500,12.305558139804946
239,364,11.803646070141571
239,10,7.249299828570349
240,2571,37.60864108067595
240,260,28.873256558150633
240,1198,24.255034254512797
240,2858,20.28575581563344
240,2028,19.008081130318573
240,1270,18.270836757370482
240,527,18.17619659686501
240,1196,17.55255291745852
240,50,17.38805704866975
240,4993,17.340132981071793
240,7153,17.32119345514499
240,593,17.07840621688107
240,2762,16.96660558943197
240,1210,15.823029933316258
240,5952,15.63372812605067
240,858,13.807508196335046
240,2959,13.69466488613622
240,608,13.36813741656621
240,47,13.035868076189509
240,32,7.651315566785821
241,110,57.58574064177649
241,260,47.28983559060725
241,608,44.45450314638613
241,356,42.29096350475502
241,589,41.355388433263556
241,1198,36.17581589701399
241,457,35.30366877473433
241,7153,33.54778384840655
241,4993,30.681531563625956
241,480,30.148195027573102
241,150,24.48818137771372
241,5952,21.5536628027052
241,1,19.173330885524464
241,1196,14.082144553276452
241,588,13.32501393033962
241,1210,12.313853643627843
241,32,11.801479554166404
241,364,11.143505595968746
241,780,10.659033525996977
241,592,9.565196923358592
242,589,64.9610909287694
242,2571,50.17413336191754
242,260,46.013335239672344
242,110,44.023901884821896
242,2858,40.64889120539733
242,480,40.637186052157
242,1198,38.67564243694738
242,356,35.48910025083236
242,527,34.35963156475901
242,2762,33.4231333775909
242,608,29.863707159220873
242,858,28.620177707579057
242,50,28.01483423289269
242,4993,27.176300325783195
242,1196,24.851949032153673
242,5952,22.66175859719465
242,1210,21.425798170260325
242,780,21.329610877579285
242,2959,19.19578391693891
242,1,9.520829150670464
243,589,63.18635352793007
243,2571,50.69647321177176
243,480,47.072472514271254
243,260,41.55962125761555
243,318,34.78599864542674
243,1198,33.70244061925039
243,110,32.70129987182955
243,2858,28.224245927403622
243,1196,24.84809958316278
243,593,24.25308085637818
243,4993,22.187433148022812
243,296,22.152501982560064
243,1210,21.1919295014971
243,5952,19.775543687264225
243,780,19.760826246589218
243,150,18.23713951512499
243,47,17.534002132643664
243,50,17.37943237895986
243,2959,13.205364600625195
243,1,10.789564729498169
244,589,76.22577960260466
244,260,59.21575897245121
244,480,57.17983182104369
244,2858,44.80791014632888
244,318,44.687300771796046
244,1198,43.58327162804916
244,527,38.37827882988722
244,858,33.124384947287965
244,296,32.641274669276115
244,50,31.685389287519598
244,4993,31.107325039630386
244,1210,28.905934696635875
244,150,27.66051301611471
244,5952,27.566126561072572
244,47,27.09400254224301
244,2959,20.728538151475597
244,592,18.2818276274386
244,588,16.233453852129866
244,32,12.621743866489494
244,1,10.872026371948639
245,2858,46.945308376289915
245,318,46.721558327302766
245,593,45.76663300644825
245,527,37.8658750240106
245,356,33.78002521414115
245,110,33.0290264313502
245,1198,29.91669908390591
245,50,26.814438067023392
245,260,26.527755717686766
245,296,25.036494782825706
245,589,24.178046239159055
245,2571,22.71493593748804
245,480,19.776066082901384
245,4993,19.099231189640168
245,2959,14.984668719598064
245,150,13.813993458596268
245,1196,9.667885459539223
245,780,7.824233647861754
245,1,7.0843940364429345
245,1210,6.702483512788277
246,110,35.90963439164138
246,480,35.04330301893493
246,2858,33.68701746577348
246,1198,30.691379196777106
246,608,30.631429625163022
246,318,29.603454276841408
246,2028,25.642029165191694
246,527,25.07498503628631
246,457,24.383637666779546
246,593,23.664298735761474
246,1,22.266886174440778
246,47,20.143358409847806
246,858,19.71228754069267
246,2762,18.64666373068821
246,588,17.69353267014018
246,592,17.52111752259155
246,150,16.30321352973435
246,380,16.283220483496827
246,364,13.553132208391352
246,32,10.442689530842134
247,110,65.50022697740933
247,480,59.33532705076162
247,590,57.80973180474543
247,356,47.246725804959254
247,457,43.09612445696506
247,858,40.83634664659187
247,58559,39.409179303390694
247,47,27.55829446285251
247,377,27.171034005983458
247,1214,24.707607532879912
247,1036,21.961361366194105
247,595,19.94779552841688
247,592,19.554114219549348
247,1580,18.77952224035628
247,380,18.398875122516287
247,780,17.963032579006626
247,367,14.973080601810306
247,165,10.478103038245937
247,648,9.646282955457666
247,344,9.385680295501828
248,480,60.358578022952486
248,589,58.023502518960925
248,1198,53.98530168244986
248,1,40.24368788242914
248,110,30.662121143093515
248,5952,28.369604994377877
248,4993,26.934040277843085
248,318,23.58772184410146
248,356,23.140032621085762
248,50,21.86063340813775
248,780,20.13590560158709
248,2858,19.305256388471104
248,527,18.582927086901094
248,592,16.87902877023681
248,150,13.87626703228662
248,47,13.759599985171453
248,2959,13.033681951933467
248,296,12.708593023896547
248,593,12.599469632021698
248,858,12.017143821902403
249,2571,32.84287684941059
249,457,20.93166756891782
249,7153,18.607748640395947
249,2028,18.534405640900065
249,590,16.31013384944839
249,153,14.35691522256153
249,165,12.645516021642242
249,592,11.23460528326861
249,34,11.032063194560227
249,316,10.889594220320674
249,4995,10.708449831152945
249,3793,9.542005193359772
249,1073,8.42249157123663
249,5989,8.242345328494649
249,10,8.241211356605993
249,1136,8.109786173490065
249,1197,7.1797177038261175
249,597,6.663571483307005
249,231,5.339979554133468
249,4973,3.8986096134646586
250,2858,48.20624498783036
250,110,44.68978565572028
250,260,40.375469045875214
250,593,39.12620648128473
250,2571,36.72237443652324
250,527,35.55043096113184
250,296,31.87725876472406
250,1198,31.533910288343083
250,589,29.77257867190966
250,356,28.877018550344136
250,480,27.960526827588374
250,4993,25.012290005478654
250,1,24.810307296729217
250,50,24.05639861660036
250,47,21.781737820955357
250,150,20.06847903880251
250,1196,17.44540970236769
250,2959,13.100193544880826
250,1210,12.302414361826822
250,780,7.787503924757434
251,2858,86.34764933342493
251,110,85.89220131454374
251,589,77.76397976780844
251,260,73.29794130400792
251,858,69.40482175543391
251,593,66.02134395111904
251,527,65.65138891171158
251,1198,63.15625137329749
251,480,61.73760716944192
251,296,60.18007086185414
251,457,56.311939868822016
251,4993,45.47186865892229
251,50,42.767554611510334
251,5952,35.819772838170984
251,150,33.02984629360769
251,1196,30.06658790343402
251,1,29.46878073268106
251,1210,23.370570560015413
251,780,14.870065215323988
251,592,13.212467013513479
252,260,66.12256498236144
252,2571,49.78161312927824
252,110,47.97653986356971
252,589,47.072949511034764
252,480,45.97651492142585
252,2858,43.905681572485875
252,1196,37.41003553167279
252,1198,37.069481058830355
252,318,35.54840491318669
252,4993,33.8420780692491
252,356,31.823353362335464
252,527,31.742293463995274
252,1210,30.98810867980345
252,593,24.60412208097958
252,50,21.790331765083312
252,296,19.189302854950963
252,150,15.875659630575164
252,2959,13.70806193003086
252,780,11.581451151148348
252,47,10.4908144001545
253,2858,40.2885759832666
253,110,36.66692087359809
253,318,36.42267654634867
253,260,36.00075259470755
253,593,31.236577348034523
253,589,30.729932662429178
253,527,29.503758710979348
253,1198,27.577829163477617
253,356,26.73155113822373
253,2571,23.23734527436006
253,4993,22.850684195739152
253,296,20.91478608570478
253,50,17.791654068102137
253,480,17.7318548516999
253,1196,15.430340563360861
253,150,14.331898550627203
253,2959,10.134566177204315
253,1210,9.934653836421434
253,1,8.943871311284362
253,780,4.696704891333146
254,110,59.61442926727993
254,1198,51.06101953624808
254,7153,46.11617130555964
254,296,44.21200157023475
254,50,36.790603003596694
254,608,36.258822293253615
254,5952,35.889209483478425
254,1704,35.748193670249435
254,1210,33.571955697767535
254,58559,32.80859428981212
254,47,26.916184526902015
254,377,25.551407416959474
254,1036,21.264040834570046
254,588,17.298329370796466
254,165,13.909653888879426
254,364,12.536815535901214
254,595,12.44241487848567
254,367,12.230425526499024
254,1265,9.928229102793711
254,1197,9.412721697781702
255,260,47.18465237314413
255,318,34.08583360955579
255,110,33.33956548231156
255,1196,31.650360766344384
255,1198,28.7494948276821
255,589,28.07830699949796
255,356,27.85110712236997
255,1,27.80544467509824
255,2571,27.30446228590553
255,480,26.43687574957567
255,593,24.927080474528356
255,50,24.40017094422914
255,527,21.906878979166546
255,296,21.66397786048747
255,4993,16.439125103684386
255,5952,12.381320688228945
255,150,10.73446825334906
255,47,9.885177297645324
255,780,9.424370563272275
255,2959,7.506977004053546
256,589,55.85849724634062
256,260,47.53302184169907
256,480,44.50306012544798
256,110,31.69840336515853
256,4993,29.06394342983384
256,5952,28.507773961412088
256,2858,28.27687717595271
256,457,27.29346929745252
256,356,24.161210368031806
256,296,24.032779279987892
256,527,23.48889714444842
256,50,22.13105039784753
256,2959,18.520566624171384
256,858,18.036435261504526
256,150,17.347249555408382
256,47,16.733328962716286
256,588,13.78571525522268
256,32,11.716071514245844
256,592,11.531261962213776
256,1,9.99252627038611
257,4993,56.392416314524354
257,480,37.3723206586714
257,260,37.25712216216897
257,589,36.9572151461886
257,1198,33.230492127021556
257,2858,30.500179631229134
257,2571,29.23468362328807
257,50,28.273537607981325
257,318,25.89552391126034
257,110,24.46273695962286
257,356,23.379611475751823
257,527,23.233298140287207
257,1196,21.355510998601872
257,593,18.429390734635806
257,1210,17.38143132745633
257,2959,16.419047083714734
257,296,16.054856188313476
257,1,14.408901320803555
257,780,12.604427283752027
257,150,10.75776497118367
258,260,63.745128387184074
258,2858,59.803958445301404
258,480,54.76006650039399
258,110,52.57652366998089
258,589,48.60035059714305
258,1198,43.363387722089094
258,2571,42.89856079748692
258,356,41.57019104908748
258,4993,40.94063653049474
258,593,38.59568036638517
258,1,37.410542565059835
258,1196,37.28145432071851
258,1210,34.14779940612613
258,5952,29.63416752382261
258,296,27.022700138027535
258,150,25.209695616466202
258,50,24.62387097224841
258,47,23.31929670437184
258,592,15.279720591110047
258,780,11.440315040340083
259,296,64.03054192670328
259,593,54.92549613527182
259,110,50.15709503414786
259,1,47.76313231168374
259,2858,44.40042298554623
259,589,40.64135800571845
259,260,40.505109726307005
259,318,31.570751183909977
259,356,30.760662415112485
259,527,28.06645887253258
259,50,27.115993834262703
259,2571,26.380721580951054
259,1198,25.130658112875242
259,150,21.373717817917147
259,480,21.253034958278683
259,47,18.680453531056948
259,1196,17.962697781209933
259,1210,16.58149451212304
259,2959,11.667363155835304
259,780,10.728578526721018
260,2858,32.65653906535638
260,593,28.762605971009897
260,318,26.407729517240952
260,110,21.25382727441415
260,858,20.63228696552009
260,589,19.533711580909944
260,356,19.1453631096975
260,260,18.71344504053204
260,2571,17.37552799039747
260,527,16.493758053733966
260,1198,13.675706133143658
260,4993,12.570191559815424
260,480,12.524520125474263
260,5952,10.179388138355149
260,150,9.781939307588344
260,1,9.198311401632436
260,592,7.32189258069375
260,780,6.923693173869809
260,1196,6.5457604986392575
260,1210,5.822702598917708
261,589,69.54019712055384
261,260,52.26413106154352
261,110,49.3072013204109
261,480,41.16954152832087
261,1198,37.254619463122076
261,457,36.461783991938944
261,593,34.99631093013336
261,527,33.72696369656999
261,47,33.58541428666585
261,1196,29.133051755704706
261,858,27.21800420486024
261,4993,26.225096517592
261,2959,25.158174941858487
261,5952,21.74179919404135
261,150,21.0816601024923
261,588,17.340212917825063
261,1,14.814999677264394
261,592,14.379815518341278
261,780,13.71940722049091
261,32,11.51993006500882
262,2858,40.08530416035998
262,589,31.693533495418677
262,110,29.444062668765845
262,858,27.466371681338074
262,356,25.870285506984672
262,527,25.76456997119705
262,1198,24.701680545153934
262,1196,23.389575996959437
262,4993,22.399630019279833
262,2571,22.165034717527487
262,1210,20.31692620219013
262,150,19.746541833029248
262,5952,18.909520701659012
262,480,18.275563002368987
262,47,17.950179409660183
262,1,13.619974189629662
262,2959,12.171504983465248
262,592,10.787421528487522
262,32,10.296835581750436
262,780,9.859013549844136
263,260,49.31132137718102
263,589,43.174389850466426
263,1198,34.45711218034737
263,480,32.25168060918388
263,608,29.89289529094294
263,3578,29.25991087404759
263,858,27.270389059964316
263,2762,25.180111930315736
263,50,24.266788240004477
263,1196,24.157382480388367
263,377,17.746288501211595
263,47,17.58883445201936
263,1270,17.4108855721344
263,588,17.008228642210756
263,2959,13.852637570633346
263,364,12.535617333210556
263,592,12.52221026142591
263,780,11.73507379451056
263,32,9.783576083236245
263,344,9.65237284459059
264,260,94.42499806619875
264,589,73.29072735298814
264,1198,63.708029298831214
264,7153,63.07277793376602
264,4993,58.59097970682414
264,318,53.34677435119557
264,2858,51.686760627616586
264,2028,51.4133777407426
264,593,45.057743558523356
264,457,43.12081807076014
264,588,37.491976458588546
264,296,36.16160021179761
264,858,34.548306379118145
264,608,30.89766271742741
264,1270,29.951930320070886
264,47,22.20750858029838
264,50,20.925805759193796
264,380,18.416560128666596
264,592,16.236370183058533
264,2959,15.046525637401047
265,318,51.36086648902431
265,593,43.72477117210593
265,527,41.37633851205049
265,296,40.6460228926393
265,356,40.450211542558165
265,858,34.748393566189634
265,457,34.18349371731302
265,7153,32.99887982514964
265,2762,31.64776364402566
265,4993,31.439943566401148
265,1210,31.036732073566647
265,50,29.398717925810363
265,5952,24.076633805452005
265,377,21.680468429982504
265,380,19.723707204028205
265,47,18.992414958846222
265,2959,15.27791573381109
265,588,13.865606124948062
265,1,13.098498039249286
265,364,12.174377517507573
266,318,32.99274550703661
266,2858,29.438772465015393
266,593,26.034711456469907
266,4226,25.148667044365997
266,527,24.32711557307096
266,7153,22.02724024648754
266,2762,21.767494446617917
266,380,21.767107058964992
266,47,21.698395609823542
266,4993,21.613558353241622
266,858,21.214083536282118
266,3578,21.177657417315242
266,150,19.986097074880522
266,5952,19.554961058880277
266,780,15.835197112119886
266,344,14.42089741153271
266,588,14.100324441365483
266,648,11.29495787261779
266,364,9.676226862882283
266,4306,6.6909237459041355
267,1198,63.09848455368892
267,318,48.16330908526691
267,2028,46.165734792635256
267,527,45.762851673850236
267,356,43.2574366877529
267,457,39.93716814181991
267,593,39.29919966668956
267,4993,37.30925636722632
267,296,32.40720417411308
267,5952,31.932796347698996
267,608,31.45458571159169
267,50,30.065938293469966
267,858,29.008146138757755
267,47,23.194627855176268
267,2959,20.690927980020252
267,780,19.83525811233012
267,588,18.765711434928274
267,592,16.911965806337093
267,32,16.85933673842755
267,1,15.617269684200279
268,318,37.9663455976988
268,110,37.8877810344438
268,593,37.835519203217515
268,1198,37.702383998898064
268,589,35.468395163269975
268,608,33.22350856567789
268,457,32.32993743975182
268,480,29.56536694442195
268,527,28.756475752387523
268,296,26.2949636432766
268,47,23.79523124021727
268,4993,19.971347253204147
268,5952,16.980618818940453
268,150,15.422296829473666
268,592,15.135268684277193
268,1,14.198111939713732
268,2959,14.095061510916441
268,780,11.05941162757129
268,32,10.316428615228766
268,588,10.025780824052536
269,589,31.46382479493164
269,2571,25.728880901926722
269,50,24.939783893863805
269,480,22.31843025144734
269,47,21.769488742374758
269,318,20.218716806862552
269,593,19.52115290683277
269,296,18.19333712450806
269,110,16.446175843058768
269,2959,15.035923118868714
269,260,14.876271413368665
269,356,13.819401580203557
269,150,12.113848362904164
269,1196,11.797933690177464
269,2858,10.931517175775134
269,1198,10.613983221228441
269,5952,9.752081684104635
269,1210,8.276680993768217
269,4993,8.192257478288836
269,527,5.8568160264644495
270,589,32.741357296482725
270,480,26.994789673811677
270,50,26.302037877836018
270,318,25.908512943870594
270,2571,22.9042874710884
270,593,22.882680649393862
270,2858,21.471090733386575
270,260,20.470673748631704
270,110,20.29079520733405
270,47,19.48830236087412
270,356,19.06124245762718
270,296,18.912304621330083
270,150,16.12454709108173
270,1198,15.644867215586341
270,2959,14.548121723892557
270,4993,13.154243126163403
270,527,13.145377040016946
270,1196,11.642050780730736
270,5952,11.375656113669562
270,1210,9.40848070303034
271,589,65.79215204823247
271,260,49.76274943710499
271,2571,48.22827131556692
271,480,42.5997459204857
271,110,35.01611096910771
271,318,35.012017954248996
271,1198,34.91627680429538
271,527,33.17924168712041
271,356,32.52615845960414
271,593,32.41736792237756
271,4993,27.42377070998135
271,50,26.364436088154893
271,296,25.9770695161197
271,1196,23.409027049526937
271,150,22.607055558887275
271,47,21.129026763915853
271,2959,18.71024699945819
271,1210,17.899525555131696
271,780,16.213203974522685
271,1,9.818304191728785
272,480,68.78278947191497
272,5952,68.62568785622446
272,260,61.67947124912754
272,110,59.17982423878712
272,1,53.18220062996249
272,318,46.28126409388994
272,1198,44.577564352142815
272,356,38.2573414035805
272,2858,36.83755801784452
272,50,35.166212583861544
272,527,31.752343192567444
272,296,28.726473633804748
272,150,28.22526452998247
272,1196,28.018420928563454
272,1210,26.660190054925316
272,593,26.27293272294367
272,47,26.20676657556777
272,780,24.12258974009141
272,2959,23.505605065488673
272,592,18.143173329166306
273,2571,42.050822968709525
273,260,36.23792268356675
273,2858,32.675067983588065
273,593,32.019441277730714
273,318,31.086086892216034
273,110,30.629884416042177
273,1198,27.38658739961352
273,2762,26.117534704239045
273,50,25.543826316587037
273,356,24.78625209752146
273,527,24.777512070381963
273,4993,24.72841005730463
273,588,22.840184790869994
273,5952,20.866314894261713
273,858,19.99143705316325
273,1196,18.728236677132774
273,47,15.697507392049928
273,1210,14.275834767250869
273,780,12.607141529045567
273,2959,12.00390780414605
274,2762,16.298629960632162
274,2028,15.099339661517325
274,587,11.72945869713516
274,780,11.151218436527978
274,34,10.208982662347085
274,1097,10.06999566203296
274,150,10.054757869554315
274,6539,9.727653038631901
274,293,9.551384001216071
274,4995,9.428985110760827
274,4963,8.06343700358721
274,253,7.970082352556123
274,349,7.498937978753629
274,595,7.021059345251695
274,329,7.007504354369345
274,434,6.829304980287848
274,1206,6.815624490808301
274,597,6.193794945792814
274,454,5.486499812547499
274,4973,3.2208730522558446
275,590,36.3656051692185
275,110,36.216086717612775
275,2028,28.728955330380106
275,2762,28.490725169263186
275,7153,27.10088784666792
275,589,26.683274051335744
275,457,25.08883632371242
275,150,17.486868106586204
275,47,17.240463845612332
275,1196,17.18995975597827
275,1214,12.649542832892438
275,377,11.314601712350575
275,380,9.821031143639322
275,592,9.647227348339406
275,364,9.280419291794322
275,780,8.864119878081553
275,344,8.357338502247217
275,588,8.154650112404392
275,367,7.2492100836055
275,648,5.97883759051103
276,1196,54.607591394896296
276,1198,38.26305404967298
276,2571,35.683883061707334
276,589,34.463925682780456
276,318,23.47104804656075
276,2858,21.217277588511614
276,527,20.32400811998464
276,110,19.419456170320604
276,457,19.345130683324594
276,5952,18.801034295471418
276,593,18.667000230225746
276,4993,18.39419644321662
276,150,17.118766734434256
276,858,15.982200627234329
276,50,15.74936766056153
276,592,14.676056871020783
276,296,13.576595741856764
276,2959,9.791274333555506
276,47,9.591506971924725
276,32,4.554462450249797
277,589,43.13420489001054
277,1196,40.54647154285426
277,2571,38.90616866803398
277,480,35.14526070772259
277,1210,34.8030632472247
277,1198,27.029667649414765
277,50,22.410326390624164
277,592,20.174613821682456
277,356,20.10364550394601
277,110,18.021617140469523
277,4993,16.56184903450613
277,47,15.263950128816411
277,318,15.157099415236305
277,150,14.837085055581777
277,5952,14.809833722671883
277,296,13.915482363983902
277,593,12.80449945844022
277,2858,12.44126006751426
277,527,12.005869137187847
277,2959,11.145473372595685
278,2858,48.14357975090767
278,110,34.02333316344654
278,260,31.96541423524384
278,593,31.536738694424297
278,589,30.434679108951872
278,356,29.563791373171302
278,480,29.137784362000474
278,1198,28.279026604775794
278,296,26.38450121233353
278,47,24.191369298803586
278,2571,21.07201967395358
278,4993,20.3186706431476
278,1196,18.234975831827267
278,150,16.532178548788323
278,2959,16.211856063623816
278,592,13.556880794791947
278,5952,13.410622022248166
278,1,12.811500945169916
278,1210,11.032997147250832
278,780,10.862806387224225
279,590,46.49159877990715
279,457,43.45428290467654
279,527,42.444800062125076
279,50,34.37938961884062
279,858,32.15764957059577
279,47,29.84361685039863
279,2762,29.685158247908543
279,150,27.34571776117594
279,1036,27.321602788473587
279,380,24.85455972243086
279,1580,19.215251499153304
279,592,19.08036973381305
279,6539,16.93471707959878
279,165,14.755526668496445
279,367,14.487858418206176
279,364,13.706051053583138
279,6377,13.566510812744555
279,32,12.645855966613247
279,344,9.919947620112126
279,4306,9.208109740776761
280,2858,38.44224443904192
280,589,35.37929529354206
280,260,31.623698421609838
280,110,31.215912887006724
280,318,30.28271322154728
280,1198,25.29829841942285
280,527,24.971990166994043
280,2571,24.393829053090418
280,480,24.24626286021848
280,593,23.748378627799706
280,4993,20.545260219900563
280,296,19.542023185420295
280,5952,15.721398123415035
280,47,15.236067603583047
280,150,14.953118243967836
280,2959,14.878144762096987
280,1196,13.18283366879504
280,1210,12.043349624245472
280,780,10.408879747955272
280,592,8.781489408131641
281,50,30.92618799817108
281,318,26.409344463539597
281,589,25.5077915954716
281,356,23.806626176410212
281,296,23.126414883331098
281,260,22.71059948073718
281,110,21.974111727766076
281,593,19.728209715324404
281,780,19.06146353674223
281,2959,17.016180594325565
281,527,16.29260927078172
281,1198,14.066944306093173
281,4993,14.038243336434727
281,47,14.038054535033275
281,1,13.730919898552607
281,2571,13.48699947003986
281,1210,8.785039353137003
281,150,8.523535369475091
281,480,8.350991630559442
281,1196,7.1607201263468765
282,110,45.024035402124106
282,318,43.536343072839365
282,590,39.66162030908875
282,858,37.459726338185284
282,1198,37.337304726859934
282,608,34.24039959420049
282,457,33.195081310694576
282,7153,28.814565617074532
282,4993,26.513861145261085
282,47,23.26863925772237
282,5952,21.90596541033124
282,1196,21.86501880588672
282,380,21.48448017230937
282,1036,18.94193760808028
282,1210,18.89623030161564
282,1214,17.900624596829164
282,165,13.858960655066474
282,367,12.627204553511902
282,364,11.967957912366229
282,595,10.791179111301473
283,260,62.88339144373959
283,2858,55.74270855209053
283,296,45.9690224321337
283,589,45.763650985445935
283,1198,40.04751864379421
283,527,37.078243999703304
283,1196,37.03289001523619
283,2571,36.27929398929304
283,457,33.098779648659594
283,480,32.259045811974545
283,50,28.979403177824246
283,858,28.886323775661012
283,4993,28.067705664678947
283,47,24.07955205754345
283,5952,19.034042999481027
283,588,15.682247490793081
283,2959,14.35902231916209
283,780,13.885178614478328
283,592,9.358340070157947
283,32,7.711389553461654
284,2571,36.668019816789396
284,260,28.798610318345105
284,110,26.768258366340213
284,1198,24.267707200522935
284,2858,23.54010105490825
284,50,23.23860146909637
284,2028,20.787129716369943
284,2762,20.710669346159627
284,593,20.18407374560142
284,527,18.911189778087714
284,4993,17.31451569098694
284,858,16.86829571407518
284,608,16.36129053077889
284,5952,15.645933892216917
284,780,15.629548369932978
284,1196,15.288817796648862
284,1210,13.767186707589499
284,2959,13.258724028666153
284,588,10.55543791045133
284,1,8.073881122944554
285,2858,80.08670357310841
285,593,67.40980993407375
285,318,62.009625031282354
285,110,60.462005236384115
285,527,55.452014644203345
285,260,52.699826945922574
285,356,52.20436915648608
285,1198,41.887109207167114
285,50,39.328378240968995
285,589,38.124205475333994
285,2571,35.943357231369234
285,4993,30.402912505789196
285,150,28.835998001746088
285,47,25.77196770454919
285,480,22.718438821961318
285,1,17.64272249278336
285,1196,15.112889677627102
285,2959,15.049677548715962
285,1210,10.684068633930908
285,780,8.721944531825574
286,589,59.68362247032087
286,110,54.32885760374837
286,2858,50.907248780159804
286,480,49.623738241932855
286,318,48.67397926312151
286,7153,48.184460570706946
286,260,47.633900918619666
286,1198,38.50715215552849
286,608,36.33551100175619
286,457,33.39782980188238
286,50,32.654827598317276
286,858,29.31048973898268
286,380,22.890447880044665
286,1,18.75728887225038
286,1196,18.48267797264131
286,780,18.317919916614127
286,588,17.49584108729353
286,1210,16.57750291953994
286,32,15.583714081769548
286,592,13.133850203514907
287,260,33.629475116840936
287,2858,32.387632674693
287,589,32.261191092279304
287,480,28.36027726846911
287,318,27.249455183641317
287,593,25.690371644322134
287,1198,24.702692999807866
287,2571,24.216464168806276
287,296,24.03534516810898
287,356,23.434884002568204
287,858,20.38211404806196
287,457,20.18783840732618
287,47,18.709209558363987
287,1196,16.761202447936558
287,1210,16.54372358614786
287,150,14.580795121408203
287,1,11.806825926793358
287,592,10.926857811206586
287,780,9.853317604703722
287,32,8.775759564961302
288,2858,28.110603313589273
288,593,23.472893600838837
288,50,21.270117958829008
288,858,19.946684151530707
288,79132,16.945211585515885
288,588,14.708683776313404
288,1221,12.265256478601822
288,500,10.46230663422989
288,165,9.479784485421458
288,1089,9.403024788452818
288,316,9.282379004611608
288,185,8.331112040549908
288,293,8.26234847895326
288,208,7.488687978441671
288,4878,6.3973493717198515
288,10,5.7860034493448325
288,2683,4.991932764731965
288,223,4.977472483128701
288,4973,4.201024882942515
288,2706,3.918437999061142
289,110,33.24456269825338
289,593,30.173564113307982
289,318,30.15139638120637
289,589,28.806239742004745
289,480,24.775296041951005
289,260,24.560479085157787
289,356,24.329816726443894
289,2858,24.278961722306274
289,527,23.62906257637583
289,1198,20.937609834242668
289,2571,18.30368327268752
289,50,18.26600746733788
289,4993,17.626821339811606
289,1196,15.68991182530636
289,150,14.89459054175025
289,296,14.003278966338705
289,1210,12.857678022148507
289,1,12.010013983497664
289,780,7.4510565874995445
289,2959,6.7351134229933205
290,110,53.97681278688722
290,2571,43.476493939176486
290,356,42.04566900580159
290,589,38.18705648803967
290,7153,33.18818688708715
290,480,33.130917557977256
290,4993,28.704893818030595
290,47,20.948307585025482
290,5952,19.542152414565898
290,1210,19.4333157532902
290,377,15.973112278374883
290,364,14.472908675429606
290,1580,13.276729260058296
290,32,12.457462717596652
290,588,12.335775897263913
290,592,12.22882153615994
290,380,10.496495865620235
290,780,9.599635574673973
290,344,8.12709803631616
290,4306,7.5062229095924655
291,5952,152.4843393718715
291,589,80.05410432697307
291,260,78.30532341725335
291,2571,75.5624733283387
291,480,67.74030225466674
291,110,53.50862731100269
291,1198,50.64930061502488
291,1196,35.325674006655916
291,527,34.745242732277745
291,318,34.67699979312452
291,356,33.31537658479861
291,1210,33.17816493308674
291,2858,32.550177972896705
291,47,26.225819133409903
291,780,24.20278344335036
291,50,23.99077821226281
291,150,23.851770571765332
291,296,23.257647363367273
291,593,23.18388487371325
291,2959,20.106581023614318
292,2858,27.66419692301251
292,2028,26.6374741919488
292,356,25.952296736368684
292,50,24.976655510885994
292,527,23.94292200795058
292,58559,20.36114280413768
292,4226,20.163493165827358
292,150,17.666515132867275
292,47,17.560176268410732
292,1704,16.981404160841613
292,4306,13.524683568861692
292,1213,12.750145762425774
292,316,12.642392690192798
292,648,11.222763133648844
292,595,10.902596965027229
292,293,10.838750249091627
292,1265,10.752848799628733
292,1089,10.175296951345224
292,1197,9.810035373173948
292,2329,8.99658234098584
293,296,51.29804733647661
293,589,49.474309940707364
293,318,49.116836057359166
293,480,47.032239157087474
293,2858,46.844661775145006
293,260,44.85723428056697
293,110,41.583768052005475
293,2571,40.008476165489775
293,50,36.45356149748235
293,527,33.87913011345582
293,1198,33.2335055100062
293,356,30.079951671694694
293,150,25.371523106684226
293,2959,23.83774822475021
293,47,23.41367411858674
293,4993,22.36806918629441
293,5952,21.123294539164654
293,1196,17.28807638539469
293,780,15.231946104972302
293,1210,12.599639091771772
294,589,27.321747320871314
294,2571,21.717245774969307
294,480,21.161216942955257
294,318,20.751338120134367
294,110,19.96677319170379
294,457,17.085354160549063
294,296,16.428124943199546
294,593,15.638740819815817
294,2028,15.36701598280916
294,527,14.111897284863282
294,2762,13.605208002626654
294,7153,12.308138287690298
294,4993,12.22555191865404
294,1,12.193084202585952
294,2959,11.192003462277329
294,150,10.461471130648045
294,5952,10.242990551425391
294,364,9.899224371099823
294,780,9.00892791963349
294,32,7.24771311758807
295,2858,53.891482298199335
295,110,52.704165108404375
295,260,47.56845046341658
295,589,45.94348744477193
295,593,45.37959076162395
295,2571,43.090488382563876
295,457,41.77163477960951
295,527,40.31640092761816
295,480,38.08209075089132
295,356,37.87310499958631
295,47,32.321630356227764
295,4993,27.789966236215943
295,150,24.970049784982564
295,5952,21.6390148579607
295,1196,21.34372323669523
295,1210,16.78549975222327
295,780,13.543875590692467
295,32,13.03164186658571
295,592,11.728373652372127
295,1,10.783123469822073
296,260,118.54685320894659
296,589,82.73165961185023
296,480,77.88119167168539
296,2858,76.18517049930733
296,1198,71.99731962148891
296,1210,67.8717290263029
296,1196,63.23335931325029
296,593,48.19168176503359
296,4993,47.56927648638378
296,457,46.911533987222136
296,608,41.575300632180735
296,858,40.223025570031396
296,5952,35.75846265930648
296,150,32.50925681707314
296,47,29.220674585517155
296,588,21.252044055327076
296,1,19.08345448431093
296,780,15.190023845196162
296,32,12.425104885966556
296,592,11.420155631399641
297,2571,48.49132089370801
297,296,38.996701176092024
297,318,36.62771984945281
297,480,33.29804021614161
297,110,30.557923072442286
297,2959,26.070761855154036
297,260,24.82535548995274
297,2858,24.772894581830542
297,858,23.895251176084567
297,356,22.633161355531982
297,1198,21.843091736557895
297,780,17.89760075329435
297,527,16.888302971015776
297,5952,16.16824796896524
297,4993,15.04496142101915
297,1196,13.58177369135834
297,1210,12.797595789017329
297,32,10.80920546345402
297,592,10.789715804395458
297,1,5.191780292389227
298,593,17.411217413297994
298,457,17.32366223399666
298,2028,16.670146637429806
298,590,16.568997113227045
298,2762,15.638617477935686
298,527,15.234616496813373
298,1704,14.588932095505148
298,380,12.708351555176574
298,377,11.54489786844654
298,1721,11.280986361202716
298,780,11.26789376643434
298,150,10.939475684885457
298,316,8.949927000518551
298,500,8.688678199646127
298,588,8.331582079551199
298,597,7.214342439605342
298,648,7.072237364742095
298,364,6.660352232601118
298,595,6.040640179138368
298,10,5.420363626079146
299,260,88.3702970182531
299,2571,72.4488599238834
299,480,66.20042893497636
299,589,57.13785631038362
299,1210,48.94140380872423
299,1196,48.06008665733156
299,110,39.29583617042615
299,318,39.27890034141561
299,527,33.91974636914995
299,2858,32.450721179729904
299,356,32.109789188762846
299,593,31.272598509898323
299,4993,30.421850079874588
299,296,26.572381141650677
299,150,23.207631225014342
299,50,21.373451936945333
299,780,16.27867861107798
299,47,16.205146098837044
299,1,13.703744786924663
299,2959,10.967198339690219
300,110,96.2166567394921
300,589,77.37956271768245
300,296,74.8509927152779
300,260,72.31846604670841
300,1198,64.30172815029927
300,480,59.75950065578383
300,858,58.3008380612434
300,457,57.260014315064204
300,4993,50.50166765220932
300,50,45.901151897770966
300,5952,36.39222864936569
300,150,33.64585814504141
300,47,32.2534646844063
300,1196,22.786246049444877
300,588,22.103524061407192
300,1210,18.62319469423082
300,1,15.990866918277813
300,780,14.952204025539109
300,32,13.195820465146548
300,592,11.164757365460343
301,589,67.24246435954775
301,2571,54.048125122231326
301,260,53.63437894959275
301,318,51.6919985228243
301,480,47.122272179338594
301,2028,46.369091317014686
301,593,45.43776219007609
301,1198,43.03050944798135
301,2762,36.50039910955974
301,858,35.44868845235807
301,4993,34.24786232057943
301,150,30.399113333409407
301,5952,26.30745096159596
301,2959,20.395613686265406
301,588,19.879794291348706
301,1196,19.620111788202852
301,1210,19.455366842742162
301,1,18.566183555930653
301,592,16.28536405320844
301,32,13.088092354842539
302,2571,63.38529486272502
302,318,57.849171909562784
302,2858,52.64004249026803
302,593,52.33995665290932
302,1198,51.763680579461
302,2028,49.88377385593521
302,356,45.25224851444983
302,50,44.892182175976316
302,527,44.43640758157598
302,1196,44.371148640389784
302,1210,39.81190950287465
302,2762,39.70955743328886
302,150,34.3624711905589
302,4993,33.76424841903646
302,5952,29.40353509510203
302,2959,25.287754211069124
302,592,16.27845652814624
302,588,16.276388437048617
302,1,12.153064978977685
302,364,10.5786135632962
303,1198,58.76983431544986
303,110,43.94280628258234
303,356,37.26589984585669
303,527,35.06329446403718
303,318,34.50013353317314
303,296,32.57537364781817
303,4993,31.275996246758147
303,50,29.637284706381607
303,593,29.58558413366941
303,2858,29.167109067412433
303,457,28.65725313418447
303,5952,28.361270040101342
303,150,25.873808105602276
303,780,24.28969758408192
303,858,22.458782399572296
303,2959,18.7353102828644
303,592,18.25553299588341
303,47,17.560365484106505
303,588,15.912055272741432
303,1,14.141567456177823
304,7153,27.019153927714093
304,3578,26.27921949275651
304,50,26.17828295420245
304,4993,25.520364538830364
304,858,25.42223061353744
304,608,23.89033894271332
304,4226,21.771732975373656
304,5952,21.71028359681301
304,380,21.640343422968545
304,47,20.724319847000096
304,58559,19.424401214051187
304,2959,16.58227832724592
304,592,14.565411291236202
304,6539,13.325576675658983
304,6377,11.863119316501274
304,344,11.440496714087397
304,367,11.40453368135184
304,648,10.138794924157311
304,4306,8.32935145078382
304,231,4.6855805465977305
305,110,36.765676164893605
305,2959,18.549846874061124
305,150,17.99289939362415
305,1580,15.8850688930776
305,1036,15.476430183028722
305,1291,12.299012694909191
305,6539,11.829658189154856
305,1,11.6011757467006
305,32,11.354024362836883
305,165,11.299831801947057
305,588,10.884124846859853
305,344,10.73806455097399
305,367,9.877885865297653
305,364,9.520174238757221
305,595,8.765189791196732
305,4886,8.605511503674391
305,1265,8.529520375372707
305,4306,8.368041991475257
305,10,7.289181561915489
305,597,6.43864395988539
306,1,35.24734591483013
306,589,23.81584120466637
306,2571,19.407071179299486
306,2858,18.682125648821636
306,260,16.126250404999634
306,480,15.920614202410544
306,50,15.616309730060301
306,318,13.55471276044506
306,356,12.004035144460254
306,110,11.934755755599143
306,2959,11.800745607409322
306,296,10.647803993775527
306,593,10.617289965746822
306,1198,10.154396361943062
306,1196,9.542125355071544
306,4993,9.364493727097665
306,1210,8.458918637676337
306,527,7.426840202171592
306,780,7.362759525484285
306,150,6.437124528972288
307,2028,16.243573752258698
307,527,15.841747013249758
307,79132,12.941094062244314
307,380,11.264922540465008
307,34,11.121441740053687
307,1036,10.53208376412138
307,377,10.515971115207465
307,1200,9.779540628584899
307,592,9.408352498330462
307,293,8.774592881033787
307,223,8.612363117527966
307,733,8.23012582993533
307,185,8.217851948941501
307,597,7.843995795867285
307,316,7.147237444936893
307,349,6.817657307895321
307,4963,6.80052686858739
307,329,5.12952731772163
307,1527,4.4171046146104755
307,4973,3.543758265140664
308,2571,56.8796005744175
308,589,55.504715050510164
308,2858,50.84889577684123
308,110,49.2848376154202
308,5952,47.95672218250689
308,480,46.49595799534637
308,593,40.27125057836563
308,2028,36.72404556926593
308,296,32.18126678105547
308,1196,31.562986222731
308,1,31.196319347361985
308,608,29.20736390357082
308,1210,27.28160349740304
308,588,25.886556542552313
308,47,24.082549154481615
308,150,22.175905028774665
308,592,16.85958122307643
308,380,14.354745571992135
308,780,13.740177752256967
308,32,11.839252814172085
309,2858,71.7527614145274
309,110,64.02073905253745
309,593,63.866814932713815
309,260,61.62496388748918
309,858,51.06959326535068
309,356,50.91742851704064
309,608,45.73257307745207
309,589,43.11418248409804
309,457,42.38757664429389
309,480,39.65028899651062
309,150,28.584607190524856
309,47,25.25578624210369
309,1196,24.511600713476106
309,1210,17.203183134403574
309,1,16.307872737599805
309,588,13.54184420073539
309,2959,13.438651659069698
309,592,11.96050012824393
309,32,10.911309869976746
309,780,10.102019499956658
310,110,40.20091947053581
310,2858,40.105557969229196
310,318,37.04761156833925
310,260,36.685356340730046
310,296,33.22006789307419
310,593,32.28700618882321
310,589,31.496695801896326
310,2571,31.47110628098488
310,527,30.347751697458346
310,356,27.326717434442337
310,480,23.456609706087214
310,150,21.556295317943626
310,4993,21.082181718163163
310,50,20.071067427863216
310,1196,19.160422447484443
310,47,18.539374309511697
310,1210,15.647186280508897
310,2959,12.366469001009563
310,780,10.440410237651083
310,1,8.817636036541554
311,2858,50.88800289025205
311,110,44.60689510977403
311,318,37.866938733456465
311,260,37.52696798582312
311,593,34.90328252547437
311,356,33.18641851176927
311,1198,31.04835574979422
311,50,30.87463460198901
311,527,30.6005305382951
311,2571,30.571526887514047
311,4993,27.129393328667042
311,1,26.574178412263628
311,480,23.984759609060873
311,296,19.59665069527331
311,47,18.10686991905905
311,1196,17.662910632775375
311,1210,15.645509468864464
311,150,15.250110487658162
311,2959,13.968245487481216
311,780,11.71926399899482
312,1198,39.9858455375631
312,318,34.18517062787755
312,7153,31.8387719067417
312,2858,31.1035069946959
312,593,30.70418389696639
312,4993,30.560682972360695
312,1270,30.104175190292153
312,457,27.298843441322
312,50,25.352583240974983
312,296,24.60164688439348
312,858,24.12141964196261
312,47,20.761707063305707
312,150,20.116884947439967
312,377,18.90705957500923
312,380,18.16789106366972
312,2959,16.113027214141773
312,592,13.815432488645577
312,588,12.008951657520122
312,1,10.250561282550825
312,364,9.5194842108223
313,110,29.832330029242588
313,356,23.949240440321077
313,590,23.354669168136347
313,7153,22.94844627258634
313,527,21.898726637153164
313,5952,21.731813940030612
313,296,21.367831711360687
313,3578,19.231375136894012
313,47,19.161842332504527
313,1580,19.015999806511555
313,1036,18.64003513518792
313,150,16.665194091650854
313,58559,16.261178214288964
313,1,12.753864986972147
313,588,11.911158059039941
313,6539,11.419442227505234
313,344,10.998298129693122
313,364,9.02094920079773
313,6377,8.561932943607435
313,4306,6.804909862849802
314,2571,42.72052110411756
314,2858,30.936966225722546
314,1198,29.971590325499893
314,2028,25.599160255160854
314,1196,25.516866632825344
314,593,25.247565129523377
314,1210,23.13418224040652
314,2762,22.172949808939943
314,4993,21.911208680676967
314,7153,21.72011565072708
314,3578,20.900007866812736
314,608,20.379580841778882
314,1270,19.62356017989637
314,858,19.51779695748009
314,1580,18.901430533270048
314,150,18.273333049705833
314,5952,18.265999192377134
314,2959,14.31673195097244
314,32,8.288226175689335
314,4306,4.788300527585727
315,2858,72.67518088869433
315,318,66.00871196179254
315,593,60.737321389338966
315,260,57.401783874893674
315,110,56.51969339042773
315,527,52.56999548827113
315,356,49.43347049767404
315,1198,44.18081353193371
315,2571,42.299732951596425
315,296,38.777834760933786
315,589,34.51221156170237
315,4993,31.016673012873035
315,480,29.795806803773704
315,50,28.919252825830224
315,150,24.960985671878234
315,1196,22.07676682258367
315,1,15.962245760764358
315,1210,13.154580466300247
315,2959,9.078588225145554
315,780,8.715728960757582
316,480,34.17878488282328
316,589,30.15024503602361
316,4993,25.498028036740028
316,110,22.68927681008516
316,260,20.927851792270154
316,296,20.631768497135745
316,1198,19.962647527770724
316,356,18.18055590602985
316,47,18.0739390941406
316,50,17.572325975961945
316,318,17.173512852427123
316,2959,15.334998537503454
316,593,15.253904570591553
316,1196,13.336608827844126
316,527,13.026709015821725
316,1210,11.59015508649089
316,780,10.602756141258403
316,1,10.552115363302418
316,150,10.297520922969264
316,592,8.884754132911269
317,608,45.08623301357444
317,527,43.313863805616265
317,1198,40.38508115811647
317,480,39.11436962027337
317,3578,38.69090507455724
317,7153,32.6825288309663
317,4993,29.307177117050056
317,5952,24.215822365267982
317,1270,23.7406686661743
317,377,23.217751404932606
317,1196,19.597059663923442
317,1210,17.791074969617508
317,380,15.200462626305905
317,592,14.747420611633503
317,780,14.348248397912013
317,588,13.683987592526092
317,1580,13.212303423050026
317,1,12.095523148373731
317,364,10.81056917448153
317,344,9.247855742163583
318,589,27.094685857150196
318,260,26.872383271296506
318,110,23.096646790440097
318,1198,18.79765625577845
318,50,18.788384925410643
318,590,18.414969703694236
318,457,17.43257741278777
318,3578,16.292017424721994
318,2762,16.22668804971835
318,858,15.89642484682378
318,2959,12.663006500069176
318,588,11.264722439973239
318,1,11.094945747330742
318,1214,11.034865226906675
318,150,10.55850099329758
318,592,9.564434159918756
318,780,9.080059960010807
318,380,8.994260316085885
318,4306,8.550128605258283
318,367,8.001299942553855
319,260,88.68306264938737
319,589,82.35026927715319
319,2858,81.28222730188114
319,480,74.21065589557787
319,1198,63.655592543851995
319,457,56.92997263110818
319,593,52.28984502491408
319,4993,52.02420695792207
319,1,51.44229347306515
319,608,41.412411020927586
319,1196,41.32600688736257
319,296,40.11311068444139
319,5952,39.201700959206384
319,50,36.982275741901546
319,1210,36.89568253985407
319,150,31.100934346241857
319,47,23.66657956143763
319,592,21.65033358738629
319,780,18.285162876762694
319,32,12.620438828755331
320,589,70.32480099748086
320,2571,56.55238905640151
320,260,50.31722886114134
320,480,45.42153777002416
320,110,37.65083021514584
320,2858,30.656563623839503
320,1198,29.24897596306428
320,4993,25.635226307482164
320,356,22.96528569575841
320,50,22.50394517937991
320,318,21.904314386172917
320,780,21.884991938644273
320,1210,20.133097197682858
320,1196,19.836010136809684
320,150,19.297374711786656
320,527,18.798628829155266
320,296,18.048581536309694
320,593,14.845781324870451
320,2959,14.800372845560231
320,1,7.9910414685430355
321,589,59.138080676793024
321,480,51.15965398269012
321,2571,49.341598510375164
321,260,39.99334404864907
321,1198,34.13242295903624
321,318,33.00132791301125
321,296,32.29966285704366
321,110,32.04932255682907
321,2858,31.82780183143313
321,527,26.74435949725202
321,1196,22.315125141256008
321,4993,22.143651541731145
321,47,21.38737659293934
321,50,20.975447574764285
321,5952,20.767355911719264
321,1210,19.53743610150837
321,858,19.42516940718988
321,2959,16.2850277906674
321,1,11.047305827210376
321,32,10.70140643385301
322,2858,61.21141112951213
322,593,52.157674007848335
322,589,50.99178241972478
322,260,50.087342312209486
322,2028,42.26507630522
322,527,42.06847567128007
322,7153,41.70782357255957
322,1198,40.37552073866962
322,457,36.23983628536323
322,5952,33.57245185921527
322,1270,24.5753831071975
322,377,23.201433351854348
322,2959,21.320358846112295
322,380,20.5334644215176
322,1196,18.919350112010438
322,32,15.89190147962541
322,1210,14.90601369400912
322,588,13.901479960442543
322,592,13.411576196752742
322,364,12.124013326986152
323,589,55.841964438822906
323,110,49.50169562653735
323,2858,46.796672464334485
323,593,42.248778633682015
323,4993,41.7106299965383
323,5952,38.05201830800291
323,2028,35.92237575473063
323,2762,35.02551246097256
323,608,31.8014634465395
323,1196,30.459270873106764
323,858,28.306796421610215
323,1210,26.757759770091297
323,1270,23.740995044530226
323,47,23.682843122389198
323,1580,19.286305934339797
323,592,18.74440204743943
323,780,18.507168437511375
323,2959,18.39107269477742
323,380,16.49687962272703
323,4306,7.770134122075589
324,2858,33.78669123440232
324,50,29.28063230313714
324,318,28.348909482004238
324,593,26.601621876695962
324,296,22.758335743428066
324,260,22.474451381494394
324,110,21.662790611467226
324,356,18.550765069033037
324,527,15.561123861037565
324,589,14.791352582557543
324,2571,14.608628246171103
324,480,13.80460310771438
324,1,13.250413267488208
324,2959,13.150674880284388
324,4993,13.05335559693352
324,1198,11.484397924036383
324,1196,10.59047088126527
324,1210,8.792933101245286
324,150,8.455803413283313
324,780,6.30347050316343
325,589,35.447213146509895
325,260,34.037803106882144
325,2571,29.88456858355017
325,480,28.334747214064055
325,2858,28.126106357609995
325,50,25.100501800868056
325,110,24.916801942945476
325,1198,23.88555982329144
325,608,22.971170299576904
325,457,20.75166387348269
325,47,20.691523251717566
325,527,20.506466512739934
325,5952,19.957037797037962
325,1210,15.974288395055625
325,2959,15.41103148633341
325,150,14.552284248296017
325,1,11.181224494437103
325,780,10.518845011372473
325,592,10.288499958389375
325,588,8.807043874185638
326,527,48.013399618520765
326,589,45.70651924219639
326,260,44.920466121849024
326,608,41.76218039587297
326,2762,39.31507395765291
326,1198,38.62758338482922
326,858,36.918873168516136
326,457,36.17613040491875
326,480,32.87948868259731
326,50,31.06689130026464
326,150,25.888217830264132
326,588,14.186981418184319
326,1196,13.863842667590648
326,1210,12.951989588745116
326,364,11.07708193649352
326,32,10.75897503276914
326,780,10.268178224503286
326,592,9.412120172069375
326,380,9.147035400835364
326,1,8.826690625452684
327,2858,45.45566815156944
327,110,38.357264361386314
327,589,35.678000625667366
327,296,33.28958218188506
327,260,32.92142886063641
327,593,32.029549477453834
327,457,31.803188869966142
327,2571,31.749482535261297
327,527,28.04651645582878
327,1198,26.850169182129186
327,47,23.84505787122141
327,4993,22.07971322840814
327,480,20.288570661228913
327,5952,15.96118017293755
327,2959,15.62195241977698
327,592,12.732446842482894
327,1,12.550050445974078
327,780,11.891479825347801
327,1196,10.923410802580708
327,1210,8.73248872885395
328,260,64.30302414702294
328,480,55.19910972440082
328,110,48.3166981023947
328,590,44.0502938436508
328,2858,43.89945037270002
328,4993,40.19872548085176
328,593,37.15488711032237
328,296,35.21207559220376
328,3578,31.90118863445617
328,4226,28.2929411250253
328,1214,23.368728127646424
328,377,23.17494726293225
328,1580,19.65534773051137
328,780,15.568434411200649
328,380,15.456847192015559
328,367,13.681259992352706
328,165,12.034891277469047
328,32,10.80595079430188
328,648,10.542798745685715
328,344,9.005391757950694
329,2858,67.95755425977231
329,110,49.16178890558721
329,356,47.29488227949457
329,527,46.84697548940844
329,260,46.409379472819126
329,296,43.13538841289212
329,1198,34.823069756704164
329,589,31.37622504456455
329,47,31.204886891907563
329,2571,28.343165642270012
329,4993,27.439881980891393
329,150,23.77458797717262
329,480,21.628702269390136
329,5952,18.330234073274177
329,1196,17.49323125913281
329,2959,17.276082965357624
329,1,14.686193913795355
329,592,12.830577904013676
329,1210,11.763519937824835
329,780,9.80622468892763
330,589,58.75618472203508
330,2858,45.43021898052531
330,480,44.74178612248196
330,527,36.944823162044244
330,4993,36.25612409068461
330,1704,29.77170761364153
330,1097,26.858909599055465
330,79132,26.081225702727764
330,1221,20.454999147608806
330,1036,19.374624180066604
330,153,18.693158499082838
330,1291,15.877076621065441
330,780,15.838872899011964
330,7361,14.763479395829238
330,6539,13.129381417474015
330,32,12.321979059815561
330,165,10.534578993766551
330,316,10.295975232964732
330,293,10.235646756604304
330,10,5.4245481706359575
331,589,49.82524442209848
331,2571,45.88487078539838
331,110,45.049626987109306
331,260,41.79881390431063
331,2858,40.00044925353503
331,480,37.26716644704319
331,1198,32.28153681703589
331,457,32.05731571345087
331,593,31.100041434107307
331,527,30.79800329984002
331,356,29.96857721804122
331,1,22.609361916894777
331,47,22.045962422635565
331,592,19.82477171963696
331,150,19.698508850273296
331,1196,17.280793027050475
331,1210,16.19026458299698
331,780,16.188411309605897
331,588,15.001630198450878
331,32,11.32177887352306
332,260,56.543814055359064
332,1198,40.28423922172822
332,457,34.09943129494494
332,858,31.40660774215666
332,1704,28.947738685248847
332,58559,25.951492617321144
332,1214,22.972591652852
332,1036,18.130347413328533
332,380,17.947180509259265
332,1580,17.53329456199863
332,592,16.95538408638826
332,2628,14.771922433846397
332,588,14.687444285915616
332,6377,12.60858885286141
332,165,12.45783707817239
332,595,11.79928144660218
332,364,11.66292293449252
332,344,10.937275837127745
332,648,9.414594278750025
332,1197,9.394665867267966
333,2858,47.10710757273178
333,260,42.86712804406629
333,110,40.07343248926682
333,589,39.501901679117196
333,2571,38.6183336413221
333,318,35.60111162767916
333,1198,35.27585960421286
333,356,31.042354543742352
333,527,30.85651062910044
333,593,30.039544442753247
333,480,29.927460233380888
333,296,27.01311713133144
333,4993,25.538078474332448
333,50,24.31261270383561
333,150,19.610673040387262
333,1196,16.73460923290866
333,780,15.403230368857981
333,2959,15.297350842034083
333,1210,13.244646920191764
333,1,9.772102661759549
334,2858,42.708290144947156
334,110,40.16832914089294
334,590,35.592960674251806
334,2028,33.39612911359182
334,608,32.986699709993985
334,527,32.91794928453372
334,457,31.146909009614788
334,593,30.078307248189837
334,858,24.43813773139122
334,588,23.689502910391788
334,50,23.01772825340941
334,380,20.461575556608626
334,150,20.04352963542787
334,780,16.162611117222912
334,6539,14.472568870876456
334,367,14.225654489373126
334,592,12.64408616914287
334,165,10.358472310717001
334,32,9.58107253927999
334,648,9.48363208327499
335,589,92.70732877275158
335,260,75.93518295628179
335,2858,63.40663572979242
335,480,56.12918830246074
335,1198,52.32393651576791
335,1210,43.486846652686005
335,457,42.22603698463095
335,2762,40.59399632474681
335,527,39.540330444418835
335,858,37.22212332644226
335,150,37.194613846117775
335,608,35.909973147331606
335,47,32.98529219677108
335,4993,30.67989384826746
335,5952,28.06706527215083
335,2959,25.438072300409846
335,1,18.641415423036825
335,588,16.509192792178098
335,32,10.570325471085702
335,592,10.149114288499618
336,318,63.10925615146727
336,480,53.48119390941536
336,4993,52.904283204839565
336,260,52.64048011809461
336,5952,51.226356105819
336,1198,47.13278470420101
336,457,45.40535692337827
336,608,42.42793922543157
336,377,30.580525807667403
336,1270,26.29625315666436
336,380,23.778280819302246
336,1580,21.270482008398247
336,1196,20.00490943060197
336,780,17.396130605661337
336,1210,17.217554466186577
336,32,16.96170123100914
336,588,15.205972110287467
336,592,14.460356604026414
336,364,11.51998384426616
336,4306,9.476634382387218
337,589,33.7884110661592
337,1196,31.427659288626295
337,2858,23.04102568564675
337,457,22.261538571124323
337,2571,22.13423643174071
337,1198,21.947526167415894
337,480,21.864632777449536
337,593,21.252079092424673
337,356,19.023160213937423
337,296,16.622998077446837
337,858,16.612544151303723
337,2959,15.550646820236837
337,527,15.449082862018587
337,4993,15.276083057564918
337,150,13.613269780844815
337,5952,12.582847358112472
337,592,11.376589322530723
337,780,8.886106552058157
337,1,8.38062409727353
337,588,7.723779669371403
338,4993,69.73359897140881
338,2858,47.82926954546259
338,480,42.60088094713199
338,260,41.464678108926655
338,110,40.68930108933621
338,589,36.050396347143064
338,1198,34.948894946394674
338,356,34.92383030622859
338,2571,34.65927511920078
338,608,32.616170761568505
338,457,27.50241805813751
338,1,26.387329003800712
338,47,26.29901611199449
338,150,23.442642084798152
338,1196,16.904034770296928
338,1210,12.481917897208024
338,780,11.72733544537606
338,32,11.031146609434906
338,592,10.641217842396488
338,588,9.27051507360024
339,110,51.98948126562947
339,589,50.40354187348538
339,260,48.07520014432259
339,2571,47.85211423326956
339,590,44.26170402594371
339,2028,40.657079598759246
339,3578,34.591056225560976
339,5952,30.853900840747265
339,4226,30.357441813990977
339,50,29.174469152753577
339,47,23.070243417085884
339,1196,20.445542252217635
339,377,18.405215451064162
339,1210,17.753085643241988
339,1,15.15389054352074
339,588,14.983633137987752
339,780,14.360242705894866
339,380,13.735724338121807
339,367,9.064350784318203
339,344,8.564802353620385
340,2571,89.48125544483352
340,260,68.80200473961553
340,2858,60.83475125691787
340,1198,60.64610375188987
340,527,51.89475860796167
340,593,48.32897175358192
340,4993,42.81527238178032
340,150,38.98728853058668
340,858,36.83903340060132
340,50,36.3687989690911
340,47,35.62845600463355
340,588,35.48738897951381
340,5952,35.27466232486182
340,608,34.112570212781065
340,1196,32.96566067521363
340,1210,31.62974189114523
340,2959,24.548348098301844
340,592,21.300443543435982
340,32,14.462321673638593
340,1,12.395641317626934
341,589,57.94235587833514
341,2571,37.24463860716127
341,260,27.608459215934218
341,110,25.854207095589242
341,1198,23.087529725717037
341,2858,21.04672581882925
341,50,20.980864134306128
341,318,20.338215676565902
341,527,20.038984825448726
341,296,17.174872029849166
341,150,16.806107462496982
341,4993,16.635751778280696
341,2959,16.215939991715196
341,593,15.397585119429158
341,5952,15.143177186165317
341,780,14.650733359216293
341,1196,14.432063618384252
341,1210,13.903478808918466
341,47,10.768979299373697
341,592,8.836611146819354
342,589,27.804285282993387
342,50,23.884331197323814
342,480,23.41275806522338
342,2571,23.079368677250965
342,318,19.541415265046734
342,47,19.04257343733561
342,260,18.294053156245443
342,110,16.73508503091278
342,356,16.531571396710266
342,593,16.0874066317114
342,2858,15.856753043739666
342,296,14.314806510071065
342,1198,14.138379794514806
342,780,13.03074985655826
342,527,11.034449472026377
342,4993,10.457387612057007
342,150,9.073011028824107
342,1196,8.930277852857701
342,1210,8.664489716482853
342,1,7.418676222389078
343,5952,69.52825044706051
343,589,61.285110469003115
343,110,57.94307446902133
343,318,55.379075295157165
343,608,48.896066920113775
343,480,46.57292994155482
343,356,46.1409176069366
343,2028,44.19982830791254
343,1210,43.105446635589416
343,457,42.095356018996696
343,2762,36.8462959303108
343,47,31.076585480435895
343,150,29.204889647411452
343,1,17.779050558996964
343,592,17.149257784581337
343,380,16.98011497339236
343,780,16.288628429159456
343,588,16.04750826744662
343,364,14.486234701046122
343,32,12.508272767765366
344,589,56.73724883626844
344,480,49.08487990297574
344,1198,40.397415211396414
344,318,38.51002045848382
344,50,37.62096014445151
344,1196,35.47051699898875
344,1210,33.771099343042835
344,457,33.500677065781446
344,593,29.90808486175604
344,527,29.211977528928685
344,4993,26.723964238500127
344,296,25.201947347782
344,5952,23.33558359429591
344,1,22.85167783975777
344,858,22.175596955896594
344,780,21.844636552518686
344,150,20.6264112986993
344,47,18.48428335588409
344,2959,17.492088207941585
344,592,11.947695416843642
345,589,40.93899028689189
345,260,36.51169133230209
345,2571,32.77318575348076
345,318,30.68233921531452
345,593,28.97897838662279
345,110,28.61817327835174
345,1198,28.312168585537545
345,356,26.8391158694873
345,296,26.760305600634005
345,480,26.553134017907166
345,50,25.41917939656076
345,527,24.00091266283459
345,4993,18.65339257347047
345,150,17.480970852942107
345,1196,17.283140316487177
345,47,15.45879210698477
345,1210,14.001221514491096
345,1,12.275359325033833
345,2959,11.67490819004801
345,780,11.412486644837571
346,593,39.12603895962447
346,110,38.57610433290632
346,318,35.90649789607924
346,260,31.807715808251068
346,589,28.252085933792152
346,356,27.05053204931986
346,1198,23.490373296566364
346,4993,21.00607041500304
346,2571,20.725537977494195
346,47,20.540032149347493
346,457,20.306895909695438
346,150,15.20904168481376
346,5952,14.644677204739523
346,1,11.354578539710038
346,1196,11.001027556653606
346,32,8.927486413655512
346,592,8.904286802179001
346,1210,8.467633697749937
346,780,7.334261112988771
346,588,5.247223566236843
347,2571,65.43577318747164
347,260,52.067057185088565
347,318,43.913143969802675
347,1198,43.38074292261575
347,2858,42.815790950467594
347,2028,37.76074258696165
347,527,35.88591641647522
347,7153,34.53235834976256
347,2762,33.43597668998971
347,4993,33.31644854217309
347,593,32.533805242373234
347,296,31.064707530577504
347,5952,27.0301765669525
347,50,26.6080336983226
347,608,26.289699254659997
347,1196,25.418067851431786
347,858,24.684453757950887
347,1210,21.756450102674645
347,2959,19.081049076633242
347,592,12.852528994371655
348,7153,78.24675507145874
348,2858,77.48410134328986
348,110,71.52495694022026
348,1198,64.12036277435804
348,2571,58.66303603277009
348,2028,55.22802873332332
348,356,54.948506868715995
348,589,54.32943423815633
348,457,50.40026854063487
348,480,48.58529682013142
348,2762,44.59795588609712
348,1210,43.4057144599135
348,47,34.91513576503525
348,150,32.975635964797156
348,364,18.225225713114344
348,588,17.18076482133541
348,592,15.981380264568003
348,1,15.86198004326852
348,32,15.500896978321768
348,780,15.068666662659096
349,2571,64.80662251447804
349,110,60.72944644095857
349,2858,59.29541567207656
349,260,58.05772474111743
349,318,54.21795080335486
349,1198,48.30691858156505
349,457,44.26158904361316
349,4993,39.38549768530491
349,5952,32.45238748213314
349,858,32.25891717066287
349,150,32.16230286469188
349,50,28.550665612383327
349,1196,27.393669242712992
349,47,24.031181524378614
349,1210,23.146891258290594
349,2959,20.851999909023068
349,780,19.812686319409288
349,1,15.26870057590435
349,32,13.130632735416256
349,592,11.246765260734541
350,1196,52.91808890118008
350,1198,33.694716498913266
350,480,32.55723288531019
350,589,31.677738908807644
350,2571,30.963389890215204
350,318,29.47515443239929
350,50,27.172318303773157
350,110,27.09626684747024
350,5952,26.489417898121594
350,4993,26.173751375209648
350,2858,25.569273210080798
350,356,24.584090397699136
350,593,22.1262041256506
350,296,20.63843387677461
350,47,19.89858025320134
350,527,19.77191731181661
350,150,17.491811234402423
350,592,16.191866775904057
350,2959,13.012230252480862
350,780,11.875888220865626
351,589,48.27625528395664
351,2858,44.3976212685958
351,110,43.3830554356288
351,318,39.77971260385833
351,260,35.906157555473634
351,527,34.15416236529682
351,608,31.57985438936465
351,2028,31.185210740047015
351,1198,30.153864712450012
351,457,30.034947103924907
351,858,27.402870724681073
351,50,24.527912062864864
351,150,19.336644967622306
351,1196,14.130845943750437
351,588,12.70891340511472
351,1210,11.734705191701936
351,1,10.5932643299171
351,780,10.427536188759225
351,592,10.377704393733325
351,32,8.97214498993886
352,589,56.586466840698314
352,480,49.23169998068118
352,110,42.47566640361726
352,2858,34.817142538807126
352,457,33.670049369028895
352,356,29.129906443442497
352,608,29.097174128653606
352,1210,25.792944365353005
352,858,23.056111988170496
352,2959,20.650049288569225
352,1270,20.466189582264562
352,150,19.520008474863168
352,377,19.136641780530585
352,380,17.90721503080624
352,592,16.68217976204703
352,780,16.15589879681199
352,588,14.249245012328823
352,32,12.806825324006981
352,1,11.44992157988431
352,364,9.73073699154679
353,589,41.560946060433565
353,2571,30.109421131207117
353,480,27.93518467391947
353,260,25.513139450236647
353,2858,24.819592069495563
353,457,23.27626625533288
353,1198,20.760744058103644
353,356,20.286822088333885
353,50,19.865880460229885
353,2762,19.5589339156141
353,608,19.142867014380258
353,527,18.547554288175885
353,858,16.397438659201413
353,4993,16.304234734915998
353,150,15.863088690666691
353,5952,15.100325570880747
353,2959,14.50041129737329
353,780,12.9713887872941
353,1196,12.534294040301795
353,1210,11.631824978244115
354,589,62.553696549394374
354,110,42.51081052629495
354,1198,41.93534365746053
354,590,34.19029174435494
354,527,33.24693992117501
354,608,29.50505630284723
354,7153,28.54155236173946
354,4993,26.4546548338336
354,4226,25.831047093668392
354,5952,24.089485577350153
354,1214,21.902315029692776
354,58559,21.565999235903213
354,6539,14.124661172277879
354,367,13.558374104513394
354,1,11.921680991457304
354,6377,11.900733541862992
354,364,10.612435708367848
354,595,10.359924490644795
354,1197,9.123042104187485
354,1136,5.679103453684815
355,260,84.564403180233
355,589,78.18228945478498
355,110,56.26891234488714
355,2571,53.63680343699105
355,1210,46.23422682421486
355,1196,45.190101482926615
355,527,39.94031372549121
355,2858,37.119719778566164
355,356,34.96809836915251
355,318,31.564657898764043
355,4993,29.34474380326085
355,5952,28.53578403709115
355,593,27.18634446089461
355,150,25.852689471101844
355,296,23.988763389684674
355,780,22.408249935885042
355,50,20.93532263460512
355,1,14.515101154778604
355,2959,12.833618286362821
355,47,11.429009321686985
356,589,35.34144832761924
356,260,33.69530842846481
356,110,31.75118604083584
356,480,28.987088746457726
356,608,27.95001670380172
356,356,27.063537379132903
356,593,24.234073615337937
356,527,24.217454000840206
356,296,23.531390345533435
356,858,22.266135537526832
356,47,17.166542955631947
356,1196,15.394971781330174
356,150,15.26270438330407
356,1210,13.485535939782812
356,780,11.912679255794806
356,1,11.40687246218967
356,588,10.943888468293444
356,32,9.298941266916268
356,592,9.265180100835
356,364,8.764859381008868
357,589,36.38528216625067
357,1198,36.25856148644942
357,527,35.15003812518047
357,2571,33.029395317803946
357,457,29.506780762709145
357,4993,27.136802612983637
357,4226,24.63433676531634
357,5952,21.125297194563238
357,47,17.016416613682644
357,377,14.196313892213434
357,2959,13.366548773322275
357,1214,13.336702820371695
357,592,12.940186644313542
357,380,10.71275948579089
357,6539,10.527006931847637
357,32,9.833821482277676
357,344,9.331241498543015
357,367,9.258694849542039
357,165,8.165207358516529
357,648,6.346200487151537
358,589,41.90969555985617
358,2858,38.98599109845457
358,110,37.159181838764304
358,260,30.428645537126943
358,527,24.016399103535882
358,1198,23.896605253176173
358,593,23.861598148560734
358,2571,23.20302677255093
358,318,22.04420015474098
358,356,21.832971216738834
358,4993,21.053121744969296
358,50,20.079643652690418
358,480,19.063351422469562
358,296,18.861652638279494
358,2959,18.023800593288826
358,1,16.448979966108432
358,150,14.018289793837845
358,1196,12.664425250274386
358,1210,10.51896084961624
358,780,7.470195765571716
359,260,81.35718558067974
359,110,75.71268625418006
359,2028,63.45710673001192
359,318,59.88630341079658
359,356,55.52719273597417
359,4993,45.02358611942506
359,2762,42.605515693251895
359,457,41.89761031957266
359,858,40.768652139725795
359,608,39.471926773587974
359,5952,36.20464725101398
359,50,33.39308179825041
359,1196,30.923867342430725
359,1210,27.01360233745059
359,47,25.002741139967085
359,588,22.372303429405953
359,2959,19.238567244390737
359,592,16.28138633060757
359,364,15.48358189525099
359,32,13.090788430244704
360,589,66.0098971460679
360,110,40.86303574940212
360,2571,38.56944786440792
360,318,32.69226629609305
360,2858,30.463011989899993
360,50,28.748453515442858
360,2959,28.72129799111202
360,593,28.47436559915027
360,356,26.219599628787314
360,480,26.031636999331575
360,260,24.941002776994686
360,1198,24.929366143470187
360,296,23.57757506127553
360,527,22.11709546769945
360,150,21.011566175367534
360,780,18.630660410665783
360,4993,17.900026617666395
360,1196,12.481840545258823
360,1210,10.376320231824451
360,1,3.712271897548355
361,2571,51.81336500891003
361,589,50.90255256445654
361,110,38.64838340912068
361,480,38.25426666972903
361,1198,37.144546869511124
361,1196,33.5848146504723
361,5952,31.142461416839723
361,2028,30.236781385457295
361,296,29.41120457748961
361,356,29.11871671168272
361,457,28.604228334230875
361,608,28.172347451752017
361,50,25.00608514445614
361,47,24.76578172345063
361,2762,20.129583057005863
361,2959,15.57449541720826
361,588,15.178882940473207
361,592,13.280057387916651
361,1,10.519171191743688
361,32,9.65501079847417
362,2858,57.001151211432706
362,1198,48.01464498022785
362,527,43.58368206672839
362,480,43.47028288000559
362,457,42.47829618397477
362,356,42.30267102878809
362,2028,41.3735773767955
362,2762,36.34603120090834
362,47,35.22623883468036
362,1210,31.67500014921606
362,150,27.833466518983705
362,1270,21.318445451558784
362,377,20.979761463864147
362,1,16.78892449095806
362,1580,16.570827829056146
362,380,15.047467481633339
362,780,14.771980832989968
362,32,14.47651202264843
362,588,14.318148946582102
362,364,12.229011363234662
363,5952,115.94701435414575
363,2858,84.7112921687955
363,110,80.2480735016324
363,589,78.08515767389122
363,1210,75.88542414534396
363,480,61.63461880943132
363,527,60.859625906270566
363,593,59.603916048655876
363,356,56.65551494343132
363,608,55.45445751771432
363,457,49.967611634924545
363,858,44.74317329972424
363,150,43.03506839151684
363,47,32.634348591144345
363,1,27.27657305013114
363,588,24.53986260095147
363,592,22.57848378669647
363,780,20.280844136604976
363,32,14.176794558903717
363,2959,11.946009009978484
364,1196,56.78367979777366
364,1210,48.18603456831989
364,589,45.47629609723187
364,480,44.02072677076625
364,2571,43.30945916973228
364,1198,40.92137255371525
364,318,35.96189895255952
364,110,34.73279071432844
364,50,30.626457699226776
364,356,28.423797906078512
364,593,27.865643143935863
364,47,25.028316853576296
364,150,24.317320150785566
364,527,24.082299607111075
364,296,23.920824232198854
364,4993,22.037224597606027
364,2858,20.893612660147824
364,5952,18.473497341711553
364,780,16.52702190697509
364,2959,16.211003326707914
365,589,35.65853771637079
365,2571,31.344522551140372
365,480,26.94257346096598
365,110,26.659434950707265
365,1198,23.95507554944018
365,50,22.41026770385261
365,457,21.21096696071571
365,527,19.85513042602337
365,1210,19.113241685574213
365,608,17.965179198086922
365,296,17.50833160380022
365,858,17.402319405291085
365,47,16.41525600227576
365,2959,13.838158336296644
365,150,13.213204013141292
365,1,13.21195139522379
365,592,13.065011589621623
365,780,12.346868051743934
365,588,11.816501134772661
365,32,9.825282471327746
366,2571,118.29107133317122
366,5952,113.93341695875333
366,480,88.79778014450063
366,260,79.91978524702519
366,296,66.33643212978726
366,1198,65.56357543313099
366,2858,63.18196161569043
366,527,60.219067361972726
366,318,55.72547755949428
366,356,52.87551455397662
366,593,42.285975387421175
366,50,38.947090621912416
366,47,36.780497117084366
366,858,35.289417785576205
366,592,33.368013671444565
366,1196,32.46602969786079
366,150,31.57682352477096
366,1210,30.546125040148638
366,780,24.168289598609512
366,1,16.84809460749523
367,2858,37.210380984912526
367,318,34.753652749930005
367,593,30.884081118238463
367,110,30.232680305600393
367,1198,30.029073682305807
367,2571,29.396976547413935
367,589,27.895218157406802
367,480,26.660738062123105
367,296,25.2150356980845
367,50,24.042101110111123
367,457,23.239304473939036
367,1210,20.745153003483573
367,4993,19.340977552309734
367,5952,15.344143569983675
367,588,12.71353507564644
367,47,12.05305540618967
367,2959,10.848785334847996
367,780,10.00910129966898
367,32,8.511801527183346
367,592,8.483067373978603
368,318,34.15362344106399
368,590,29.09688318575522
368,4226,24.591458275138432
368,47,24.096872124067993
368,527,23.962021461356365
368,7153,20.863961756598403
368,4993,19.600936146026452
368,377,18.573799439574664
368,5952,18.40393445645945
368,58559,17.956994716225587
368,2959,17.350978472632654
368,150,17.252284515599513
368,1270,17.182062622318146
368,344,11.88944298660537
368,6539,10.16079903125902
368,32,9.93798386337184
368,588,9.052169120912184
368,1,7.882176890014879
368,364,7.810343049554228
368,4306,4.7601364150361585
369,2571,41.71101036849942
369,589,39.807422405418706
369,1210,27.1485477413575
369,480,27.015204881854206
369,110,26.985267267209622
369,1198,25.292838744994878
369,318,23.86403631217161
369,296,23.63512621470737
369,356,23.04066331674407
369,50,22.94674123489306
369,2858,22.399426578741604
369,858,20.75086843326589
369,457,19.779125480492493
369,593,19.737415109011266
369,527,17.560216508103622
369,4993,16.91433545810037
369,5952,15.034197698717819
369,780,12.84328520278091
369,1,11.791644169311565
369,592,10.959070969062306
370,1198,47.84998223196883
370,480,43.591099532759536
370,110,32.31124358109056
370,296,30.977311604828774
370,356,28.98245351083975
370,457,28.59745996886469
370,2028,27.965955807364573
370,527,27.046594148138094
370,50,26.623591735981428
370,47,24.248691474287288
370,858,21.176352938779832
370,1270,21.163979235733503
370,1580,18.94252356450468
370,377,17.80295299919442
370,1,17.76582126824018
370,588,16.150212927282915
370,150,15.103961004996444
370,780,14.391408864511448
370,364,12.115141365752333
370,32,11.870263978431524
371,5952,81.32558790227162
371,589,50.35169975115521
371,260,47.00950255225461
371,480,39.02838727566752
371,110,36.251863137110895
371,296,35.27372086368473
371,1198,35.036383077767475
371,593,28.831208565504156
371,2858,28.402489589769143
371,356,27.970043253528015
371,318,26.63629649449107
371,50,25.932910566358526
371,47,24.555433906960882
371,527,23.874078219104348
371,1196,22.548464586630484
371,1210,20.360732469622256
371,1,17.24435677418094
371,150,16.84583344491626
371,2959,14.680849605601562
371,780,14.439727869040512
372,589,47.18248499313435
372,2571,39.034201073750594
372,2858,34.037168394717355
372,593,33.78272656352101
372,590,32.90509226915305
372,480,31.83082424979591
372,2028,28.379936493597242
372,7153,25.35900819015529
372,2762,24.436136528330024
372,1196,24.376953769848313
372,4226,23.712149559529553
372,4993,23.338362220570584
372,3578,22.96731926004966
372,5952,20.219750838497763
372,1580,15.157587519967452
372,2959,14.564988076649499
372,780,12.75304038521965
372,344,9.78776942170532
372,648,7.762447115223348
372,4306,5.863833556949702
373,2571,38.73732851381944
373,318,34.95022599560874
373,260,32.90678197047413
373,2858,32.411372776668024
373,296,29.47541323697054
373,1198,28.331716668275106
373,608,27.53488923248311
373,2028,27.284395781206428
373,2762,26.45311508806465
373,7153,22.903821449513924
373,4993,22.605953653568918
373,858,21.46382992379291
373,5952,19.90621230886162
373,380,19.789359481246258
373,1270,18.86661504992481
373,1196,17.103672007191904
373,2959,16.950579581967812
373,588,14.94969954632625
373,1210,14.048423282503393
373,780,13.099519900888104
374,589,100.66719319780651
374,2571,85.00148054905854
374,260,63.56591884851192
374,1198,50.796387934250546
374,2028,44.11690421682167
374,593,43.952565819878224
374,2858,43.54476340425272
374,527,40.53918632626669
374,4993,34.56565879049377
374,2762,32.74203165426986
374,5952,31.335438223019068
374,858,30.835872947229017
374,1196,30.585158217949207
374,50,30.37409513652346
374,1210,28.661553537734687
374,608,28.486541333724333
374,47,25.59984777139289
374,2959,23.79409378126038
374,32,13.139129284851663
374,1,13.04172639095003
375,260,79.2243879860789
375,589,60.26366727269024
375,110,51.60820856155699
375,1210,50.34901634014552
375,2571,47.04761644197495
375,480,45.967984508117596
375,1198,45.403062577637485
375,318,40.52704225853335
375,2858,38.78948788977786
375,527,33.81841930216009
375,593,32.0937970960521
375,4993,30.99931611417604
375,50,25.124549861176
375,5952,24.569731473994597
375,47,22.670058367357314
375,150,22.386283204859712
375,296,19.6205344864564
375,2959,15.957087138035524
375,780,12.94402678342659
375,1,11.08336343370711
376,7153,50.60970260464297
376,318,50.32604402876767
376,2028,49.10969095760517
376,2858,45.892730899601595
376,3578,38.36158005777032
376,593,37.86872080045431
376,296,36.449647389527605
376,858,34.88926891733744
376,377,33.22144716155649
376,50,30.765956177285855
376,608,29.231087543314473
376,1580,26.155175836887516
376,47,25.15007224778706
376,588,21.659871301489243
376,2959,19.811506714074323
376,1,18.232403336113933
376,592,17.969979620997744
376,364,15.779471787245594
376,367,14.42530967602788
376,344,11.792378038994393
377,589,38.761196018694065
377,2571,33.80031684287074
377,260,30.57437541953934
377,480,27.452190126020987
377,110,26.51565424547505
377,318,26.481990845639015
377,593,24.105796794576822
377,1198,23.725668159998563
377,356,22.29096537049704
377,527,21.789056670152114
377,296,18.724241260639197
377,50,18.375058778921854
377,4993,17.294428571951812
377,1196,15.30926638247014
377,5952,14.644865049005576
377,47,13.253760030268472
377,1210,11.420535126121038
377,780,10.557314347125844
377,2959,9.507715255595823
377,1,8.782377328047556
378,2571,81.7397866704281
378,589,77.32283506190413
378,110,71.70837960871913
378,260,68.11226711686543
378,2858,62.87100479069017
378,480,60.77870539315794
378,1198,54.62182019158627
378,457,53.05136708676192
378,356,50.294881563695036
378,296,42.187736274444894
378,608,40.113321736515246
378,50,38.19124910373631
378,47,37.912496846077346
378,150,30.489929951586696
378,1196,29.963337924865645
378,588,29.119435945871775
378,592,26.161134380476923
378,1210,23.967697583468187
378,780,19.069080669668573
378,32,14.570573478800098
379,2571,84.39132775833136
379,260,68.73528511809351
379,1198,60.85023714530681
379,2858,60.713786914792735
379,2028,55.1502828908713
379,593,50.07203626835066
379,7153,48.87906414809854
379,4993,46.005639791758824
379,2762,42.11526678623758
379,5952,37.78178869982502
379,858,36.89465838158607
379,608,35.57438060092176
379,50,34.048724589783035
379,1196,30.21823835719213
379,588,30.005471919345446
379,780,27.34286436815544
379,1210,26.63169941749802
379,2959,22.692196462728106
379,32,16.78994188560614
379,1,12.706510592952021
380,480,28.36892327655742
380,1198,19.102005157943925
380,457,18.01901938417159
380,2858,15.66498010540882
380,2028,15.538585790996313
380,1270,15.269852299593659
380,590,13.984995564290921
380,527,12.611254285433636
380,588,12.586965944036978
380,165,12.275573647655467
380,367,11.212040884829321
380,150,10.340348718191917
380,1704,10.2676805847776
380,4995,8.662538654507527
380,7361,8.590257565016246
380,1265,8.478121272038612
380,2329,7.7865375573413695
380,1206,7.774765115332874
380,597,5.6442411173019025
380,4973,2.9559681230508317
381,260,39.542759812245144
381,110,28.667473399335613
381,2858,25.953441158613714
381,2028,23.433397531201457
381,590,22.28515470281708
381,527,21.53045564326161
381,593,19.899335748971456
381,79132,19.485701175132963
381,296,19.387286617102042
381,3578,19.373877763269288
381,858,18.095976039209294
381,58559,16.54460054472764
381,377,15.757408705835154
381,1214,14.456229335437973
381,592,12.330209711652493
381,165,11.689205286044961
381,1265,11.674093676868985
381,293,9.87664934789018
381,1089,8.987975807022233
381,10,8.027856045991738
382,2571,40.46254303275148
382,589,38.036738841802986
382,480,36.19011864209764
382,5952,29.256660615069624
382,4993,28.297275366513457
382,110,27.869767143958423
382,2858,23.26273628618306
382,457,22.73407811223793
382,2028,20.152012895158435
382,380,16.936597677504473
382,1270,16.932514742610426
382,47,15.9433920855665
382,377,15.219313887557615
382,2762,15.008863836296788
382,608,13.868169765881387
382,150,13.814204209487736
382,780,13.486537283566774
382,364,12.737631163201506
382,592,11.750440418002157
382,32,7.478167567425333
383,260,69.41469964388064
383,2858,59.533261123427636
383,110,55.467175524688734
383,318,46.70374182470607
383,1198,46.41667067837049
383,593,45.115125111356356
383,527,43.0071171322324
383,296,42.29053997627062
383,356,42.2644239618812
383,2571,37.85212769574944
383,589,36.84600202760553
383,480,31.62108958674827
383,1210,31.462065925100216
383,50,30.436396941532124
383,4993,29.194060141544234
383,47,22.629217635270802
383,5952,21.47206385757583
383,1,15.529953457981998
383,780,11.819125187486547
383,2959,10.645180594843712
384,2571,39.396409976281376
384,589,38.701201421352856
384,260,38.05089282802394
384,318,37.185968589247786
384,2858,34.505003733888124
384,1198,33.79110957536509
384,110,32.641768347932214
384,593,32.02992025791118
384,527,30.491096380142032
384,50,28.943449323569517
384,356,28.5641854557555
384,47,22.077540375206844
384,4993,21.671956276137646
384,150,20.657270333233093
384,1196,17.523105858343055
384,1,17.33611845231342
384,5952,17.27892390204373
384,1210,14.906675196185887
384,780,12.341510216801812
384,592,11.975182988804509
385,2571,47.03867577812552
385,110,43.451144397112195
385,1198,41.86163930082154
385,2858,40.728135504350206
385,527,36.30683979880498
385,2028,34.309099048331205
385,7153,31.12568793458343
385,3578,28.22641658518513
385,4993,28.131084459969397
385,50,25.27638280089873
385,2762,24.99386822820605
385,4226,24.746263072454557
385,5952,24.00566897545797
385,1214,21.992111048108494
385,377,21.332875105837257
385,47,18.971152372122184
385,1580,15.302051416629991
385,2959,15.03748759081389
385,648,8.765511127681094
385,4306,7.063669528957916
386,2571,54.310452296022596
386,260,36.390142048712384
386,1198,31.44690127355209
386,2858,31.029508319372724
386,2028,28.899731064729984
386,356,28.508129591477502
386,593,27.768959324217484
386,2762,24.89203463695312
386,527,23.152326442565297
386,858,22.804792750756366
386,150,21.640723629940773
386,2959,21.093279703347203
386,4993,20.91939319231987
386,7153,20.728871377672338
386,5952,19.76416313712437
386,1210,18.957748439126913
386,1196,18.833078799108897
386,588,12.215300156874974
386,1,8.3471372852473
386,364,8.136048474780349
387,4226,21.119979276552694
387,457,17.884568561697
387,527,17.656298045504563
387,2028,17.278970714399414
387,1704,16.593606867995344
387,7153,16.038848176456245
387,79132,14.031982241539092
387,5952,13.277728418031556
387,58559,12.369412071353963
387,1721,11.472178692295069
387,150,11.263899598310134
387,1580,11.101162601890364
387,380,10.27467678920283
387,377,9.452672538525443
387,1136,8.66689634921406
387,1,8.666403348034414
387,165,8.47917327653441
387,2628,6.616471370098085
387,6377,6.358745374093336
387,4306,6.205834752358721
388,1,28.966706483854015
388,2858,10.856042206143268
388,318,9.524410762900981
388,480,9.512737046282279
388,260,9.257877868258332
388,50,9.092743600695051
388,1196,8.024293750399693
388,2571,7.13503192945602
388,356,7.009422704363537
388,589,6.942582875833874
388,1210,6.516840654914799
388,4993,5.717400813699927
388,1198,5.515174548947818
388,2959,5.4358757966189835
388,527,4.075988081318189
388,780,4.054719516216188
388,296,3.3740315242813663
388,593,3.368880411236443
388,150,3.3073948853439274
388,110,2.6168032581182965
389,1196,34.10272372265965
389,589,33.7073440591097
389,1210,31.09192955806715
389,480,30.71115139655743
389,1198,26.379427688009322
389,2571,25.75793726555566
389,318,25.077135697556912
389,110,23.85160093062852
389,50,22.708117206143267
389,356,21.162234229326078
389,47,21.15968368940233
389,593,20.691278072117846
389,2858,18.926994654787816
389,150,17.384378656433068
389,4993,17.02928510836044
389,296,15.930157998838457
389,527,15.799529206431654
389,2959,13.289309513193407
389,780,11.59309661441937
389,1,7.569456482237768
390,318,37.727948468681674
390,589,32.232734933895756
390,593,31.925794194704462
390,260,31.48164239400829
390,527,30.757685310186858
390,356,28.688737900015987
390,296,25.463448955550348
390,4993,24.73261457860658
390,1198,24.453552902782846
390,50,22.199628366862537
390,480,19.58715642176614
390,47,18.51831888851746
390,592,16.102165364446595
390,5952,16.07808788744875
390,2959,15.784618363168425
390,150,13.969281073706755
390,1196,11.501251039114969
390,1,11.453986859092543
390,1210,11.170052502249062
390,780,7.378862578469806
391,2571,38.20953192993527
391,590,35.322899436559396
391,1198,32.54391984867128
391,356,30.126051204767027
391,7153,26.61828975755101
391,1704,25.864981782722804
391,1721,20.408010709033075
391,79132,19.771968671715012
391,5952,19.580995670785644
391,58559,17.08024181846452
391,153,13.267604143759087
391,588,12.107655181772975
391,364,11.486492576113957
391,6377,10.493982177107938
391,316,9.938684690526433
391,6539,9.121129740985191
391,344,8.71950630204252
391,367,8.156705697245796
391,597,6.90072560059967
391,231,4.62500193914529
392,260,60.66532243088459
392,589,40.43603653734132
392,318,37.675495210190164
392,1210,37.30859138058268
392,110,35.467884671980926
392,1196,34.94442600980367
392,593,34.76399745196034
392,356,32.51390919087872
392,480,32.355072120340694
392,527,29.610837601427303
392,50,28.407264508780912
392,296,27.856265566163056
392,47,25.480659633092483
392,2571,24.623763746103833
392,4993,23.13271966187393
392,5952,18.634965597764687
392,2959,16.31003081767382
392,150,12.377166716208935
392,1,12.21516962860943
392,780,10.643391365179841
393,480,55.71709310577824
393,260,54.136666151543324
393,4993,52.03965755240093
393,50,34.743121667622844
393,318,31.143597688881474
393,457,30.763535534770934
393,296,28.886448036956015
393,356,28.530091189151705
393,2858,28.001962205995977
393,47,27.859214164740045
393,527,25.787688407849593
393,593,25.253053397673643
393,1196,24.91567740531826
393,2959,24.008163920367974
393,1210,22.92933683853107
393,150,21.600445052720822
393,780,21.404265950961175
393,858,20.309063562972483
393,592,19.55721002252067
393,1,10.301736512861
394,589,97.51299235390476
394,2571,81.7421496418363
394,260,68.90208773009151
394,1198,58.797435542478354
394,2858,54.53054765800862
394,318,53.48133968768341
394,527,51.669987604343184
394,4993,42.932487503425634
394,593,42.37726269774455
394,296,37.54257341559121
394,5952,35.73876233666521
394,858,34.319382443740174
394,608,32.509142283659294
394,1196,30.614370268746516
394,780,28.66414031978921
394,1210,27.242776675790665
394,47,21.46205520149308
394,2959,17.751978881282785
394,32,14.91302405741405
394,1,12.472549936222475
395,589,54.29398942972167
395,2571,44.38989867296788
395,260,42.750014119216495
395,1198,35.00294325611635
395,318,33.544927899518996
395,2858,31.95350422183475
395,457,30.108956395337604
395,4993,26.428483309168605
395,593,25.773603536653827
395,1196,25.113142981929613
395,5952,20.609127460582105
395,150,20.426586163704457
395,1210,20.226829138494256
395,780,19.102801481835225
395,858,19.036783895476095
395,50,16.28562218703821
395,1,13.43855407503003
395,47,11.792572006200432
395,2959,10.859661817445462
395,32,7.888814579989616
396,1,55.22754770168743
396,2858,33.93478787507841
396,47,32.47743081844402
396,260,24.714494484815926
396,2959,22.455617235138273
396,589,22.208689663949492
396,480,22.026902123437942
396,2571,21.91015787467205
396,593,19.650176355648327
396,527,19.295717569331327
396,296,19.126995350346427
396,4993,18.415904409352763
396,356,18.255489094522652
396,1198,18.158050462051065
396,110,18.011749144249894
396,1196,15.605164296090468
396,5952,13.317194054787366
396,1210,12.08037345778931
396,780,11.878791433240039
396,150,8.805253165994024
397,2858,44.32195882555784
397,593,42.38953603128438
397,318,41.880055588287014
397,110,32.707897495790824
397,356,27.988610489126163
397,527,26.684483951668966
397,296,26.127333473231744
397,50,26.043283398961396
397,260,23.01014960327969
397,589,20.930213971698194
397,2571,19.520397753400964
397,1198,18.094231553559755
397,4993,15.194058026465186
397,480,13.666683931491903
397,150,12.935328562530168
397,1,11.331485402236774
397,780,8.620084825893219
397,1196,8.609293354602245
397,2959,7.684637275203289
397,1210,4.646940061708459
398,260,36.92642527102946
398,318,35.13031176038831
398,2858,33.76438208496492
398,593,30.94484131327081
398,589,26.854819545051175
398,110,26.754351548135062
398,1,26.38860751087193
398,356,25.40618592458488
398,480,25.104211913821338
398,527,24.806067669905676
398,2571,23.702066712836523
398,4993,22.274965000137065
398,1196,21.53442778265349
398,50,18.40652868964163
398,1210,17.31726453735956
398,296,17.193887823721457
398,150,14.125682673965503
398,47,12.001388417309427
398,2959,11.62382951014529
398,780,8.599302661038012
399,4993,114.85265566777893
399,2028,85.59118782818761
399,2858,78.39897197832097
399,318,76.8274929506335
399,457,64.3783601675872
399,3578,61.39640699265421
399,150,47.88727537194656
399,377,47.67010704158755
399,858,46.250599977975384
399,2762,44.83043790182178
399,588,41.03038376294784
399,608,40.86551795229089
399,50,34.01897424507362
399,380,33.565791311673244
399,47,30.026202971436813
399,364,25.658367920736286
399,592,22.232637822268345
399,32,16.219091043208255
399,648,15.43321617857757
399,344,7.506629383176263
400,589,88.90624221235495
400,480,83.65030775607926
400,110,80.52627697295665
400,2858,76.7921302388905
400,5952,74.00693198647171
400,4993,73.38160417404592
400,527,68.97009986821104
400,2028,64.09029474008182
400,457,62.743453705597055
400,2762,49.274509118229155
400,150,41.08057386034981
400,377,39.569980098048276
400,592,26.610889018516836
400,588,24.706934246140985
400,780,23.03781438398352
400,364,21.94085541338645
400,32,19.97043108184035
400,1,19.608527141118973
400,380,17.861412131294063
400,4306,13.555346262162098
401,1,80.21332385978376
401,5952,61.615133544212924
401,589,43.68897867154724
401,260,43.14714846669735
401,480,38.48366827219744
401,2571,37.39484357335143
401,110,32.043282480675316
401,318,29.581757158943347
401,2858,28.64542083844949
401,1198,28.46771203258415
401,1196,24.41480008362306
401,527,22.019841613381043
401,1210,20.177090508606888
401,593,16.598126427527387
401,150,14.285094657587013
401,50,12.563640968425206
401,296,12.523972214562088
401,780,10.551910842934076
401,2959,10.286576911615759
401,47,10.089245283539602
402,2571,61.72991553566962
402,318,42.039533005009204
402,110,40.714390041381826
402,260,39.54356058558401
402,1198,35.71966749079245
402,2858,35.21642984824016
402,356,32.95863673447551
402,296,30.7333550664616
402,50,28.132701066139038
402,4993,27.30403005485056
402,858,24.438805393461024
402,5952,23.94422422462856
402,608,23.735948767073932
402,2959,23.108148972074375
402,150,22.13416075535913
402,1196,19.895493262641516
402,1210,18.241511802683426
402,592,9.730346290922775
402,1,8.674897872872874
402,32,8.11403402715344
403,318,45.36029863427165
403,2858,45.18467882642764
403,2571,39.927924901453444
403,589,39.59696358311495
403,260,39.25703989522256
403,593,36.75399135820954
403,1198,36.4354821415997
403,50,32.41397519694038
403,527,30.760159564351195
403,480,30.295619764490958
403,356,29.54149953101562
403,150,25.922634208782732
403,4993,21.71581155039312
403,2959,20.41400134495879
403,1196,18.242417003758938
403,5952,17.43078690213964
403,1210,14.28898629031941
403,780,12.381735598342868
403,1,10.897506862791925
403,592,7.241769497035118
404,589,59.272927320989865
404,2858,47.79000332641103
404,110,46.85227999891433
404,318,45.69064519788851
404,2571,44.89296814816447
404,260,41.675966339514474
404,457,36.101275469177544
404,1198,35.01977160613963
404,4993,29.072428825568764
404,858,28.00150175652861
404,50,25.76628152060264
404,150,24.545695184866975
404,5952,23.17889098653806
404,780,18.732888731370117
404,2959,18.524444032824945
404,1196,17.5159854828369
404,1210,16.00832901072112
404,32,11.91352606703496
404,592,11.044585647743896
404,1,9.871522522209432
405,296,34.243424712456424
405,589,33.394731297392916
405,2858,28.394226903192035
405,318,27.106452707492906
405,260,26.716540081002776
405,50,25.71670196628176
405,593,24.770687470930117
405,47,24.28578108325354
405,5952,24.235973396124518
405,4993,23.69390352336809
405,480,23.389587608559953
405,356,21.798903435307967
405,1198,19.54147389783221
405,527,19.44455896786103
405,150,13.83127369044714
405,1196,11.294934311139581
405,1210,11.276057515814262
405,592,10.976349839022829
405,780,10.386236373566884
405,1,9.896270457334515
406,50,15.834819099271686
406,260,15.496837026210194
406,318,13.617379755499014
406,1,12.066536624107014
406,2858,11.941001351637036
406,480,11.573007036627885
406,356,10.80364408731801
406,2571,10.634357201738029
406,296,10.012765206978077
406,593,9.616530259979967
406,1196,9.009549426895143
406,2959,7.97831174075095
406,4993,6.982694400266111
406,780,6.742064755130046
406,589,6.469215512894209
406,150,6.302089854825095
406,1210,6.201375591823138
406,110,6.1944019492117555
406,527,5.382232632019639
406,1198,5.100450099530346
407,589,151.90281350123013
407,1198,112.4540317364562
407,480,108.75546131741645
407,1210,103.57477628222314
407,110,85.93752293261579
407,457,67.65245144160471
407,527,66.50282501712714
407,318,65.60027679191647
407,356,58.9081883840122
407,2858,54.82663339778463
407,593,44.977372093107796
407,1,42.84954638790019
407,858,38.147752432177164
407,47,37.90757973231588
407,150,36.55032029686178
407,296,35.82033363887044
407,50,34.24673930316271
407,592,28.328326600575526
407,780,27.384582299867965
407,32,18.58707774227125
408,589,46.463256780834705
408,480,38.73249875402043
408,110,28.69614685252941
408,318,27.403374931429138
408,457,27.179805371824518
408,50,24.470219824985374
408,2858,23.003486110630934
408,356,21.87189328807257
408,527,21.701792899077915
408,47,20.2711849233247
408,592,19.16060462066109
408,593,18.942893737597704
408,2959,17.73438443084745
408,858,16.708078816699967
408,780,16.29309339290461
408,296,15.560446055293923
408,150,14.349296773759436
408,588,13.55954182057437
408,1,11.387060896280026
408,32,8.571417336988109
409,858,38.377408262182136
409,110,37.57754676344685
409,356,32.51683740808457
409,527,31.178091166384817
409,50,29.742389292748253
409,1198,28.803550872902868
409,589,24.638189443683373
409,457,23.500352383218612
409,2571,22.23185508682981
409,1196,19.572374843787568
409,4993,19.12957744060507
409,480,18.06629403574893
409,150,17.267484755577247
409,47,16.887861284933273
409,1210,16.16592275394666
409,1,15.407158455316617
409,2959,13.805857627672836
409,5952,12.327036741025376
409,780,9.974872745623465
409,592,7.697980564330855
410,858,28.680341357502144
410,110,26.924548455177515
410,356,26.68332214825171
410,50,25.84729609958921
410,1198,22.699552536232368
410,457,20.66878783982802
410,2571,20.588102463370465
410,589,19.55177005479467
410,4993,16.0017016649762
410,47,15.488829210881619
410,480,15.179526587548917
410,1196,14.636189616814258
410,150,13.991065701623029
410,2959,12.12720709625538
410,1,11.917492358113313
410,5952,11.406047776793617
410,1210,11.169088772591499
410,592,7.683938383118512
410,32,7.182541626901279
410,780,7.170675313732941
411,2571,34.6290677695589
411,2858,33.31399047472962
411,593,31.476188840991735
411,260,31.441691749184507
411,608,27.238441953091648
411,1198,27.052316154877396
411,2762,25.69839712177377
411,2028,25.146407847216103
411,858,21.540068577495763
411,7153,21.47098775384903
411,4993,21.305990085085188
411,5952,18.150812322786663
411,1270,15.515702959738428
411,2959,15.331794051472677
411,780,15.196130380384275
411,1196,14.664811832104117
411,1210,13.374765338365266
411,588,12.300499113355169
411,32,10.116167475958182
411,4306,4.862626134298958
412,260,43.66027176128994
412,318,42.71352866403053
412,110,39.435321813473024
412,356,35.45106522712172
412,2571,35.08874962001834
412,527,33.99492999760045
412,1198,33.25169726723036
412,50,32.73113661384262
412,296,29.966393187291636
412,589,29.86335341571059
412,480,26.541111802000916
412,4993,21.920747887265414
412,1196,19.73820208880817
412,150,17.263877321277114
412,5952,16.754648063663492
412,1210,15.382249666544975
412,2959,13.605007397389759
412,32,11.79638353259259
412,780,9.433919873924726
412,592,9.125139278166593
413,110,64.54333646521472
413,260,59.00756891043181
413,589,51.55632706477744
413,356,50.39519991801987
413,480,49.65312942165791
413,2571,47.892061933881486
413,2762,45.414512351491176
413,5952,44.39487097542053
413,608,40.73314602640843
413,50,38.92453690881467
413,150,31.330703362965316
413,47,30.54208482464279
413,1196,23.949103937638554
413,1210,20.519076115525163
413,588,17.557575259270433
413,780,16.838611428417693
413,1,15.46268555579057
413,32,15.216759929256176
413,364,12.112971237349054
413,592,11.936283021352626
414,4226,16.67825198372007
414,2959,12.825475546464578
414,1193,10.808254837822437
414,1240,9.362746423305758
414,1200,8.978695333658603
414,1265,8.400567213808717
414,2115,8.328192172323185
414,1258,7.47395637733909
414,736,7.471016405838492
414,32,7.286784301858253
414,539,7.150154956583687
414,4027,6.3194248901011445
414,3793,5.76498565623222
414,357,5.60101897996583
414,2,5.5942098450097415
414,161,5.489938566974231
414,924,5.359093796901733
414,410,4.810958035538041
414,8368,3.7908049654469917
414,2355,3.318638274409681
415,318,62.85699132081105
415,110,56.97514596381961
415,260,55.925282467927104
415,589,49.27616720923449
415,858,49.23780174217618
415,527,47.21836189515297
415,2028,45.695205916381326
415,7153,36.532263583115316
415,4993,33.11770427683852
415,5952,26.56133080666666
415,1270,24.826584758221617
415,1196,22.129361166383525
415,1210,18.38004674830234
415,592,17.155528691989556
415,780,16.107970220390303
415,380,16.048878747970527
415,1,15.875728560263667
415,588,15.396506450244138
415,32,14.114550603682115
415,364,12.854017556366461
416,589,63.64949283190078
416,110,61.45712875837538
416,4993,57.72119815146811
416,1198,56.76560375883381
416,480,52.47034212778578
416,593,51.807886603388255
416,2028,50.69241175545379
416,1210,43.80790808364862
416,2762,38.168151481174675
416,858,37.78228182766413
416,457,33.97475183576256
416,50,33.90965597879524
416,150,31.444959918881178
416,47,28.11828035727661
416,1,19.94340901411532
416,588,17.36025792595395
416,780,15.348989977777896
416,364,13.73607311079022
416,592,13.583603805161262
416,32,12.837125323793698
417,260,69.45110458637565
417,110,68.50100279311981
417,589,65.96097322425523
417,527,57.18266032295505
417,608,52.314796069002135
417,2028,51.598881161910185
417,480,51.20289595724351
417,457,49.30995390959617
417,50,40.64696392620961
417,150,31.80536984938516
417,1196,25.05733521580835
417,1270,24.801622370491753
417,1210,21.809705866034207
417,588,18.458584779229817
417,592,18.415033962833384
417,780,17.917104655617415
417,32,15.30719224280357
417,364,15.158662115944828
417,380,13.891041621852414
417,1,12.059011922825917
418,589,63.1995666789371
418,2858,61.82692925880063
418,260,56.91256044478338
418,110,56.53563606027068
418,2571,52.80829200643977
418,480,51.073457228137755
418,1198,47.07548026391851
418,608,40.18216410811448
418,858,37.05861708083678
418,457,37.04355181581441
418,2762,34.50604841295599
418,47,29.378647996260327
418,150,25.961318438217713
418,1196,23.335909709382232
418,1210,21.28123220989468
418,588,17.560149937892945
418,780,16.03728333655239
418,32,15.948971932407698
418,592,15.816377433957031
418,1,13.06848743104153
419,589,47.198427781644604
419,260,35.218013822731564
419,457,33.19249396227863
419,2762,31.399678387370614
419,1198,30.6242622689119
419,7153,28.27572703852721
419,4993,26.993573715372293
419,5952,25.034274101541232
419,608,24.873300774726662
419,150,19.961015564169415
419,1270,19.188285558619206
419,780,15.83344418488668
419,1196,15.592035149374095
419,380,13.660343489455489
419,1210,12.860179761654061
419,588,11.328990405158706
419,592,11.317028079647535
419,32,11.25654921069379
419,364,9.84053780900478
419,1,7.869188496991426
420,589,45.3524089568292
420,260,40.24708248586328
420,110,40.18402801475694
420,1198,31.678542474377437
420,593,31.45908096257576
420,2028,31.160036579021803
420,356,29.762385861461564
420,608,24.963802319461553
420,50,24.41422462935767
420,457,23.925709274289208
420,858,23.86591647105926
420,150,18.750181015019944
420,1196,18.566130653715053
420,47,17.56065638998354
420,1210,15.33375095490062
420,588,15.022330387638037
420,380,14.691764914852072
420,592,13.714665968492694
420,1,13.496808818953765
420,780,12.592028592751248
421,110,60.13953399210789
421,527,56.08291707607903
421,356,51.56948993824146
421,260,48.161966262786336
421,296,44.63087067519055
421,1198,41.437071181434185
421,2571,33.381308707061876
421,4993,31.264997510735203
421,50,29.81386853442586
421,589,27.709018494946132
421,150,22.51120766722367
421,480,21.466994943588016
421,47,21.203695525870998
421,5952,20.656961651950603
421,1,18.057741216996693
421,1196,16.872769320594497
421,2959,14.804573475086201
421,1210,9.845799972226056
421,592,7.919714042497753
421,780,5.9237209184424255
422,2858,44.429142530630195
422,593,40.138685688269
422,110,35.93231166286297
422,2571,34.367251739534055
422,356,33.84778928735878
422,1198,32.92636257688632
422,527,31.706842450460332
422,589,31.323405977752405
422,296,29.517274571503265
422,50,28.61000746609997
422,480,28.14646338754186
422,1196,27.69276271420684
422,457,24.002103090583482
422,1210,23.568436419188508
422,150,19.81842485198784
422,4993,19.640073861515056
422,47,17.360994016064716
422,5952,16.349511213284835
422,2959,13.958109288651423
422,592,8.8700078094496
423,2571,89.45513593361399
423,260,75.3189282616246
423,2858,68.00756953779688
423,1198,65.82200415082289
423,527,63.29406200269216
423,593,55.70271612698453
423,4993,47.916937974456694
423,858,43.69315759394235
423,608,41.33914181903018
423,5952,36.5228471856873
423,50,35.70880393248981
423,1196,34.047791456090756
423,780,28.224727768215576
423,1210,28.224521944379305
423,2959,26.31245451121182
423,588,24.28957810620372
423,47,23.797163019188968
423,32,20.451306545142756
423,1,16.173841204658103
423,592,12.827332388544344
424,110,32.640355356062045
424,457,30.747425344043528
424,260,28.358789570252796
424,356,27.430861310758335
424,527,24.804210133995447
424,2028,24.193937925078675
424,1198,22.10702518287508
424,480,21.484559085208126
424,7153,19.555066727017905
424,4993,19.22860260034823
424,1270,16.643966430799896
424,150,16.563975996024404
424,5952,15.092347169588011
424,592,14.516681036129967
424,380,13.117805437936175
424,780,11.136773588552664
424,1,9.654042970118736
424,1210,9.463299039101516
424,588,9.106362329377356
424,1196,9.090153801774482
425,2571,47.80259130743096
425,480,38.15171733369493
425,590,32.41516622925562
425,3578,28.486619374552024
425,527,28.187008062237073
425,47,24.974045130210268
425,58559,21.748133042671398
425,1270,21.307126173938595
425,1,19.30520390230032
425,1036,18.931092825845717
425,1193,18.29266205958897
425,2959,17.348936357828677
425,153,17.295216680678166
425,1213,16.772290615610533
425,1089,15.93860905471931
425,595,11.656099301621158
425,1136,11.61967372447629
425,1265,11.359338765968706
425,1197,8.46876334889424
425,597,7.299732952286344
426,4993,44.38022205283208
426,2858,44.15946546809314
426,2571,41.82841872738101
426,260,40.96644254229458
426,110,39.84599312595958
426,589,39.07203064607538
426,1,38.653210323106634
426,608,36.37653902503715
426,1198,32.58630048043079
426,527,32.39988038631952
426,593,31.037209103085686
426,457,28.27077174389945
426,50,24.856108205376923
426,858,24.484849945065857
426,1196,19.01853965191438
426,2959,18.040563837957432
426,1210,17.51070107990696
426,780,15.270647351127053
426,592,12.671688658247769
426,32,10.23492849543889
427,2858,37.42250046280679
427,589,34.643269542620615
427,260,34.351404937415744
427,2571,33.72104219886978
427,593,31.527113002609852
427,318,30.17198527277685
427,858,27.917321295367532
427,1198,26.971773686395267
427,480,26.553653607085536
427,356,25.34599166933215
427,527,24.83314038616658
427,50,24.41734898401964
427,47,21.676539779436386
427,150,18.64780149548094
427,1196,18.147794459470287
427,1210,16.213002723479732
427,2959,15.214406213300501
427,1,13.132548167519106
427,780,12.620484803031747
427,592,10.88441251481324
428,1198,30.755927761047808
428,110,28.223333883564884
428,4993,24.90276179418784
428,318,24.159754638539987
428,50,22.652501400024576
428,457,22.52908210756872
428,1270,21.643945168011975
428,527,20.0176593172517
428,4226,18.672483546513625
428,47,18.32284514687255
428,1036,17.68288057380994
428,858,16.963521772692165
428,58559,16.338459458435654
428,608,15.020586772204064
428,367,13.995096341615538
428,1,13.242454662280702
428,364,10.470942177044362
428,32,8.969472493620138
428,595,8.80728850518576
428,1197,7.962147225326413
429,589,38.11430559922037
429,2571,25.646848479450558
429,260,24.1933496399913
429,110,23.64112601068846
429,480,23.25409071538851
429,318,22.915841674820534
429,1198,20.73294737643343
429,593,20.649333639365352
429,356,19.47607076364684
429,2858,18.5252403950885
429,50,16.3995903864542
429,296,16.140554532924675
429,527,15.904092922173296
429,780,14.745979870654711
429,47,14.24337777923853
429,1196,14.180080135973855
429,4993,13.291489389265156
429,1210,13.192540917747428
429,2959,12.584872754784636
429,1,7.075827018045881
430,260,56.12949595510645
430,589,46.76630386909499
430,480,44.22717283772325
430,110,42.30876554232701
430,1198,38.57131162707969
430,527,34.471761494110105
430,50,33.2118881473785
430,593,32.07427132541727
430,1196,31.119006586660742
430,457,27.32395179067688
430,4993,26.059304565742245
430,1,25.590965767184713
430,296,24.937306462242347
430,150,22.41946416449718
430,5952,21.472560446966547
430,47,18.641925479396534
430,780,12.929660011817656
430,2959,12.817296532004345
430,32,11.150133035591786
430,592,10.02978703612651
431,589,44.734401070755794
431,480,44.32364766353913
431,110,38.56349038067401
431,2571,37.947196274768565
431,318,30.62982402190906
431,1198,28.841177723028576
431,260,26.922223289120492
431,2858,26.015345657880445
431,356,25.428026299195245
431,296,25.2097053375889
431,527,24.984453892458102
431,50,21.393575722782078
431,593,21.062336040281075
431,2959,19.990507132237394
431,1196,17.323036065126413
431,4993,16.886008916918286
431,150,14.78229903329642
431,1210,13.695286758547637
431,1,11.47032921256788
431,780,11.221843126708432
432,260,47.81244785400757
432,1198,34.19396027532292
432,2028,32.39677526824885
432,527,31.420245305504316
432,457,31.24104153378238
432,3578,28.083808968117236
432,608,27.61840705747347
432,150,22.362915659426523
432,1210,21.393161361497206
432,377,21.1287070676633
432,380,18.939756267515598
432,1270,18.660011990241696
432,588,15.383973319676553
432,1580,13.421784365957539
432,6539,12.647063505632353
432,592,12.447220545821681
432,32,9.789129677569912
432,1265,8.933915171701232
432,1197,8.17667494680459
432,1136,4.776889007425499
433,2858,90.64300845737318
433,589,78.01886587374328
433,318,77.90358739849978
433,593,62.05920576310374
433,2571,61.030713382571605
433,260,57.513545416809706
433,480,56.7383016786016
433,457,55.68689690840068
433,356,50.34194673130918
433,1198,50.2594829429956
433,858,45.87685297488502
433,4993,42.101645707850196
433,150,32.17192830013049
433,5952,28.991034589290713
433,1210,18.908244596777028
433,592,18.55035924837608
433,1196,17.40810237276331
433,32,15.452413932776162
433,780,15.31268616927185
433,1,14.681315930528063
434,2571,66.08675268928819
434,480,53.384865033465054
434,1198,46.137048285822864
434,590,39.06240224250363
434,457,36.23641104722918
434,608,31.056016376213854
434,50,30.773099010301227
434,3578,30.516949673683936
434,79132,30.21588477759059
434,858,28.41936910648165
434,1704,27.38322879082132
434,1721,25.852187777034445
434,377,25.50758297799548
434,6539,16.904974040797946
434,592,15.725711495118494
434,165,13.928689841166982
434,364,12.871648871279904
434,595,12.040851585346076
434,1265,10.795891587022517
434,597,6.5081360771036865
435,110,64.98802435549852
435,2571,57.674422581096366
435,2858,55.32529636444887
435,589,55.22916635492368
435,260,48.48641183638813
435,296,42.83529267766229
435,480,42.59405128500663
435,527,41.66046146128357
435,593,40.455883637688146
435,356,40.04463344232334
435,1198,37.025453788129006
435,4993,33.888379736859925
435,47,32.118729332964485
435,5952,28.14746534050176
435,150,24.000475903703848
435,592,23.07776104115461
435,1,20.386182158925827
435,1196,18.213514932025266
435,780,17.083605112123756
435,1210,16.05879775674519
436,2571,33.4828200393425
436,260,29.342598548806183
436,110,27.00707304411269
436,318,26.49966432369252
436,2858,23.85196660353416
436,1198,23.787194898187813
436,2762,20.08744727631143
436,608,20.078960203360914
436,4993,18.82646381370662
436,50,18.29037449551013
436,296,18.079625482262617
436,5952,16.711853522211396
436,858,15.814455115861213
436,1196,15.765186990308695
436,47,15.647235635548105
436,780,14.496845899975211
436,1210,14.37036195263339
436,2959,13.058486460590833
436,1,11.962322713198912
436,32,8.478710674661663
437,2858,60.30802250090923
437,593,51.28077688252652
437,589,44.466526720762126
437,1198,44.06809728542347
437,2028,41.548732320364145
437,858,39.34430203767262
437,457,38.81230476555349
437,2571,38.0387640946292
437,2762,37.59985776449492
437,480,36.17073316036844
437,7153,35.357162922472966
437,4993,33.326145702114594
437,1196,31.833163015304383
437,5952,25.400502239032573
437,377,22.02942177399625
437,2959,15.292123913736724
437,380,14.41578600289621
437,1,13.548168176431599
437,588,12.78780869611917
437,364,12.130929018470384
438,50,22.19035980807866
438,1198,21.105951448473114
438,2858,20.814474920064747
438,318,20.454554805722452
438,590,17.306823671408196
438,47,16.78470651759478
438,593,16.66590568212295
438,296,16.48285198514012
438,58559,16.443120411364802
438,380,16.16861102458284
438,79132,15.528378111899423
438,858,15.129536508330181
438,608,14.38067486991187
438,1214,12.461770662519125
438,1089,10.88241909398925
438,648,10.86669152330032
438,10,8.546833093590129
438,1197,7.539117850192714
438,231,7.346208872795505
438,1136,6.172535951000006
439,480,139.68889251253898
439,260,133.3102919001407
439,2858,89.97249758446513
439,457,74.10174839661755
439,593,68.27528550291379
439,1196,66.87521846952397
439,1210,57.18625850879656
439,858,52.9708445365874
439,2762,51.08041228995152
439,150,48.3872886645698
439,608,45.50854314295162
439,1,44.447549232677865
439,47,42.86199308114261
439,588,41.617965059741685
439,296,38.11265097694467
439,50,28.993751345411514
439,2959,26.876943030304233
439,780,25.708240936144723
439,592,19.014030281352657
439,32,15.935005954424218
440,2571,52.44244788738357
440,260,49.00468082880318
440,589,41.16900685464813
440,2858,35.666225498335784
440,318,32.591861940586
440,110,31.122574514548003
440,1198,31.011363289141
440,296,30.548813731402138
440,480,26.5795514870928
440,593,24.368458058452994
440,527,23.37306217470942
440,1196,22.90236341946093
440,356,22.86416214104368
440,1,22.57162696247589
440,4993,21.478883482309527
440,50,21.157833044702983
440,150,20.508820011800694
440,1210,16.916181285059288
440,780,13.559449983061326
440,2959,11.630637793716083
441,5952,111.7566402633443
441,589,75.54903402632789
441,480,66.85729611858464
441,1210,63.51569145498798
441,110,52.216687100276424
441,318,48.16532384211904
441,457,43.86680554872501
441,356,41.0988653448139
441,593,39.893743536508175
441,2858,38.96551591185946
441,2762,29.990761112241437
441,858,29.70373025880894
441,150,28.25125644258138
441,50,27.662398211908297
441,608,25.527858759574805
441,592,22.74868805690775
441,588,21.96766322986836
441,780,19.43971012371017
441,32,15.450704085923569
441,1,15.030048899923969
442,260,58.4288739380921
442,2858,51.30803315599721
442,110,48.56124522420646
442,1198,45.519681510125785
442,318,45.28488708719056
442,589,42.84436190797877
442,2571,42.47983660196469
442,593,40.1249596919111
442,527,37.514160512483095
442,356,35.70675031861398
442,480,34.999655866039596
442,1196,30.391631552789896
442,4993,29.422811766969666
442,296,25.23567085140076
442,150,24.762567407920876
442,1210,22.93449376223499
442,50,20.66789096529819
442,1,15.584502180575743
442,2959,13.673136945954072
442,780,8.5969213923527
443,589,109.68309148136919
443,1198,80.54887292889364
443,527,75.45738590914232
443,593,73.89307075689082
443,2028,69.36974620944117
443,457,69.26314963697057
443,480,66.66942837927718
443,858,53.3265155493171
443,1196,49.4546330298693
443,150,44.74777677283761
443,1210,42.68719690078953
443,50,40.020119687208116
443,47,36.87184704893281
443,380,34.74290298333183
443,588,25.945941976682168
443,2959,25.729830236245213
443,32,23.640533108204544
443,780,23.0931782060905
443,364,19.17286498330442
443,592,17.948966029578255
444,2858,55.88995192785897
444,260,49.21793975306894
444,296,47.30274246064764
444,2571,46.58328225687296
444,2028,44.3359534487616
444,1198,42.370635427362856
444,457,41.93150431670605
444,4993,39.04690362646549
444,608,38.17667353946871
444,858,36.90778691368357
444,2762,32.75655399198293
444,5952,29.980722269510178
444,150,26.33375275755208
444,2959,22.04464731735761
444,588,21.107760632580433
444,1196,21.002897693100035
444,1210,17.87760760488574
444,780,16.20037372143998
444,32,14.251618650173254
444,1,10.983869745365977
445,2858,73.924905261283
445,589,64.36091838840208
445,318,64.24767693435993
445,1198,55.3170512866305
445,480,51.01836252020497
445,858,44.35538933410402
445,2762,42.390413192579295
445,150,34.92544731046809
445,1196,33.99073667286466
445,50,33.394315567584286
445,377,31.07314176010574
445,1270,28.745438088861192
445,1210,28.27723604107301
445,1,22.93589121033212
445,588,19.688627059957977
445,592,18.71191578536825
445,1580,18.45157290689948
445,364,17.127347909411014
445,380,16.06227165523738
445,4306,14.137737460893408
446,2571,50.586438678094765
446,110,41.28827957580232
446,260,39.3523513533636
446,318,37.037478618725814
446,2858,36.17670301400922
446,1198,33.022911109047804
446,2028,28.808106199679994
446,2762,28.522455655462018
446,527,28.04101112812537
446,7153,27.375658164125255
446,4993,27.066018367658845
446,50,25.792565948670017
446,608,25.417279279643598
446,5952,23.297205974413785
446,858,22.951791096392295
446,1270,19.93304170728067
446,1196,19.089282750686625
446,2959,17.678932272969075
446,1210,16.98246112053509
446,1,11.071186746176704
447,2571,46.59817566154011
447,260,37.98538001382668
447,1198,31.940727696570285
447,2858,30.12205428022771
447,527,26.187695531560806
447,4993,24.110067671193132
447,2762,23.4755508372991
447,47,23.133107050703554
447,588,22.542683436505524
447,1196,21.988215211096527
447,296,21.056011829474215
447,5952,20.421035443395656
447,1210,19.885338150737645
447,608,19.530168442231023
447,50,19.148064584038412
447,858,19.11732606119906
447,780,17.763688201880292
447,2959,15.48209351088765
447,32,11.958995273352738
447,1,10.435771057860588
448,110,18.684501002164193
448,318,18.36917178290923
448,2858,18.199468979005605
448,4226,15.798979501159012
448,356,15.369315336895863
448,2028,14.778752924461653
448,858,14.417767183562892
448,1196,13.120917472517743
448,527,12.83197126379698
448,58559,12.583090126665162
448,1721,9.63578920652353
448,6539,9.324936658795588
448,293,9.176847820860512
448,588,8.535493460295744
448,1265,8.250908850858082
448,4306,7.289030245443484
448,1197,7.097916209425626
448,364,6.895727548304574
448,231,6.271723892782737
448,595,5.810438237909637
449,110,49.67056831470318
449,4993,47.43401476274485
449,260,45.306930039755834
449,589,45.23654489068904
449,480,42.20190042787664
449,356,41.73673085488802
449,1198,39.11477044628273
449,593,36.570119814979805
449,2571,36.47204054450479
449,47,33.81006988976554
449,457,32.835454022477094
449,858,31.45918572462196
449,296,30.870198840634217
449,150,22.833289133087113
449,1196,16.70540445185702
449,588,15.479408018425689
449,1210,14.53231487477679
449,780,11.16298315577634
449,592,11.022130450474426
449,1,9.20323635733235
450,480,52.536605521652575
450,1198,46.20139720776047
450,2571,46.17091266412602
450,318,41.316653522254875
450,527,38.863483875181096
450,1196,38.69710587475715
450,593,36.24645429113289
450,356,33.243555626332736
450,1210,32.00907302223684
450,296,28.681323381449126
450,858,28.681289627227958
450,4993,28.006757792552225
450,50,24.1817649138491
450,47,24.0387501846266
450,5952,22.972301883807262
450,150,19.051912065584215
450,592,16.292392625308413
450,2959,14.16779567003662
450,1,13.027799694997322
450,780,12.790129183560344
451,589,41.96332473335852
451,480,33.68214860801178
451,2571,31.39433537901114
451,2858,27.980529457917303
451,318,26.988362367867094
451,47,26.277827556256725
451,296,26.01227516789178
451,50,25.858186848628826
451,260,24.375215518498674
451,356,23.917851040365814
451,110,22.293766749846807
451,2959,19.464425130077714
451,1198,19.430760451604765
451,150,18.48709775652877
451,4993,16.84425783319567
451,527,15.815462545904682
451,5952,14.922244393180655
451,592,14.178093377594905
451,1196,13.18348616274503
451,1210,11.170828998671455
452,260,53.904188464851075
452,318,35.65512762636442
452,457,32.59929501672817
452,590,30.459822361119556
452,593,28.586470111018116
452,50,27.07147215022231
452,296,26.046855095745666
452,7153,24.6477020613149
452,4226,24.602109923940876
452,4993,23.416143387180767
452,380,22.176986404888634
452,5952,21.505811720951034
452,150,21.17629529077818
452,2959,19.99399662325529
452,588,12.777915532947713
452,344,12.545983418023935
452,32,11.961102533528694
452,1,10.02607958489103
452,364,8.750081500595423
452,4306,6.718064816259959
453,2858,31.650860861961053
453,480,26.842624188144413
453,1198,25.3382655382144
453,590,24.673302438747356
453,7153,22.244275989593827
453,1704,19.657057467689885
453,5952,18.444065307323267
453,1270,16.951825834409274
453,79132,16.35497277154486
453,1036,15.787915332308835
453,150,15.681944363666918
453,58559,15.387435836261462
453,1214,11.605236570872126
453,6377,11.55800046133479
453,500,11.388483123817174
453,6539,10.621221141952205
453,316,9.894560712694453
453,592,8.880988192023642
453,595,8.354555871694595
453,1197,8.071811447231601
454,593,36.379243593232985
454,318,31.11764964478545
454,110,30.414252094772795
454,50,28.608316393262665
454,589,23.423509012475353
454,356,23.166310888761387
454,527,22.384783521994766
454,260,22.257198836101008
454,2571,21.544245420115317
454,47,21.10758027380763
454,1198,17.58748067704274
454,480,15.425114237376485
454,2959,14.944074323821622
454,4993,14.767351734340725
454,150,12.789233487786262
454,5952,11.549490051305899
454,1,10.708585977687145
454,1196,8.958743255951314
454,780,8.124890454904953
454,1210,7.656975085715563
455,2571,58.81175984378207
455,260,57.8269150908252
455,2858,57.001367264975364
455,296,51.23347992615154
455,1198,47.69789513930437
455,2028,45.37986883466894
455,457,43.64954839733002
455,7153,40.12740350291915
455,4993,38.24834369515863
455,608,36.63824199003443
455,2762,33.74896209407516
455,858,32.860130145210064
455,5952,29.834680438412704
455,47,27.188411873883773
455,1196,26.480624079855577
455,780,23.60336870468383
455,1210,23.1828238779833
455,2959,18.640094333229214
455,1,14.274432909712125
455,32,12.775138946560316
456,589,31.683103207462075
456,1196,27.617015376764524
456,2571,27.186437246582294
456,480,25.601610105713796
456,1210,25.283104561842745
456,1198,22.402714203844884
456,50,20.743186299093583
456,318,18.604742948092063
456,47,17.17475142119031
456,356,16.7478252220242
456,296,15.045686949527898
456,2858,14.910282054209686
456,150,14.832809871936075
456,593,13.758579422507328
456,4993,12.520151266907417
456,110,12.395431240498992
456,5952,12.197650801880242
456,592,10.87504611889222
456,527,10.33041132724377
456,2959,9.88489813106954
457,589,51.76686872833332
457,2571,47.697300809836065
457,1196,39.31146732795997
457,1210,38.26589126209995
457,1198,36.42575572024875
457,356,28.772768191851284
457,50,25.88288649721882
457,457,24.229333605694396
457,527,23.755796891725574
457,318,23.742255342404878
457,4993,23.278960027142897
457,593,22.54735674828375
457,5952,19.92475159630246
457,296,19.53564672644104
457,1,18.693578727374927
457,858,18.43024659049951
457,47,17.747262254198127
457,150,15.165167499483317
457,780,14.51237496631583
457,592,12.303826044094949
458,2571,51.77887703148064
458,260,40.894646149289954
458,318,35.615805045420174
458,2858,34.73569595745733
458,1198,34.60644666479898
458,527,30.41568022236064
458,593,28.383930932821883
458,296,26.8125512593258
458,4993,26.293915066964995
458,608,23.432337900754174
458,50,23.366469861318507
458,5952,23.34005667214218
458,858,22.33349952512126
458,1196,20.34945417792107
458,47,19.721967459029653
458,1210,18.160197069603797
458,2959,16.677986912020668
458,780,16.40123840279745
458,1,11.382339251610134
458,32,9.795736894194318
459,589,81.3003745707819
459,1,78.0930318698198
459,480,68.71649885656197
459,1196,60.544952995567215
459,1198,56.189664772155226
459,110,55.83244114412723
459,1210,54.39787087880246
459,2858,44.958551096228724
459,318,43.5233959589546
459,4993,41.14056728885032
459,296,39.889312554526455
459,356,38.908288324422315
459,5952,36.35050051073604
459,50,36.16092741489591
459,527,35.07410434204813
459,150,24.618673291353026
459,593,23.331930464979088
459,2959,22.3066919023938
459,780,19.003711671994644
459,47,15.93882465671859
460,589,53.34427556546256
460,260,52.23275416429695
460,480,46.8984759154276
460,2858,46.69445575502202
460,110,45.10725540785168
460,1198,40.635207348968336
460,527,36.18827744795226
460,457,36.18208034366333
460,593,33.587490813918315
460,296,28.70076642102278
460,608,25.892254759899583
460,858,25.239904128456192
460,50,24.912554656125298
460,1196,24.242558929893804
460,588,22.72420902591354
460,47,21.28985940559067
460,1210,20.794476294220757
460,32,15.75152222126063
460,780,15.110954208998287
460,592,14.049475732359776
461,2858,114.46747007107417
461,110,97.80621030834007
461,1198,90.45545143074446
461,2571,89.52477714396441
461,589,83.35596382291757
461,296,73.93535878438855
461,858,65.13874591294311
461,4993,61.9540713595857
461,1196,59.68192647877482
461,1210,51.753230518158766
461,50,49.646256798976275
461,5952,46.10534300148116
461,150,43.26985129247093
461,47,34.143975507564775
461,588,31.21604272253765
461,1,23.94009560404655
461,32,21.27031686034854
461,2959,20.295281797430164
461,780,17.302370000374225
461,592,16.1907261845459
462,110,36.4291170478509
462,590,34.945685167984145
462,480,26.923547751034604
462,1704,26.280591000479507
462,50,25.65289711988782
462,457,24.380833996085364
462,4226,23.44083385275305
462,150,17.30994262005693
462,58559,16.311795455756226
462,380,10.264965582231357
462,780,9.50506363398105
462,595,9.256243193238914
462,588,9.116760055708351
462,165,8.660933095911561
462,6377,8.174271816812135
462,1197,8.050761465417963
462,344,7.650077871914691
462,367,7.410518345899015
462,4306,5.89665953734323
462,648,5.463756555315186
463,4993,103.02278949852655
463,260,80.61712045244882
463,589,79.40469455925177
463,2571,76.17887625145413
463,480,76.16066093006087
463,2858,71.71020384353591
463,1198,67.3771371328978
463,318,59.1341472544462
463,858,53.437891674976875
463,593,50.99974938547329
463,457,42.282448157415935
463,1196,40.256464875477526
463,150,37.687527081724944
463,296,35.84567378490845
463,1210,34.12191536895487
463,47,29.706781618863026
463,50,24.200909226062063
463,2959,19.27520014269773
463,1,18.36193365447956
463,592,15.770567489098395
464,589,69.73431646773508
464,1198,46.49828549460634
464,457,38.91960770928624
464,608,31.68741014009082
464,50,30.997008860052006
464,58559,27.68505520656859
464,1270,26.860542176975695
464,150,26.813332006962025
464,1214,25.57383332290066
464,1580,18.915422591879587
464,2628,18.07183001365531
464,588,17.89063863265258
464,592,16.103139106848552
464,6539,15.003773697892107
464,4306,14.665684876156952
464,1,13.806233329827165
464,595,12.993816190758885
464,6377,12.873026124362532
464,1265,10.47212035755498
464,1197,8.095074260627895
465,260,68.63154964185004
465,589,67.37121563630059
465,110,55.76738371846578
465,318,51.17507647087114
465,480,50.383391116005846
465,2858,48.55259540250884
465,1198,48.22208617450134
465,296,39.316053018059115
465,858,38.90847714448172
465,47,33.84272097459868
465,50,31.99230095863034
465,4993,28.57586803922304
465,150,26.92948513583788
465,5952,25.52904901573149
465,2959,22.27529048560379
465,780,16.382154455636567
465,592,14.10268676372062
465,588,14.069640353636514
465,32,12.856424144209889
465,1,10.046670607647476
466,2571,63.65484845921561
466,589,59.20544718629237
466,480,49.12264557687181
466,1198,43.83550769548756
466,110,42.199931587140206
466,2858,37.6321570857736
466,1210,33.404136415034486
466,457,33.13492805821058
466,50,31.687565782236774
466,527,31.290536621018532
466,1,28.27120266208217
466,593,25.693758756611338
466,296,24.44133891007741
466,858,23.777098656880078
466,47,23.53207921069963
466,150,20.850529161389446
466,780,20.626459558622724
466,588,19.99096110845643
466,592,19.330025106083486
466,32,10.618604496162163
467,110,96.31081459489963
467,2858,83.90365202662116
467,589,78.2720318937881
467,260,65.31790235014638
467,318,62.3244817835805
467,2571,61.21574365456891
467,1198,60.56221630064495
467,480,58.920346070184195
467,356,55.10033808326843
467,4993,48.066218709122474
467,296,42.60046444605089
467,150,37.48101484131724
467,5952,36.880603741388924
467,1196,24.29150561194412
467,47,19.69052943196561
467,50,17.954645387853706
467,1210,16.90261209624985
467,2959,15.47139767445507
467,1,10.589125858307384
467,780,9.173401577179472
468,589,70.26788936607657
468,2571,55.42334382971094
468,480,45.448762155572815
468,260,43.28756861326071
468,457,38.643417969296536
468,1198,36.71441108472706
468,2858,34.064552815884106
468,593,33.15678337782786
468,356,31.420581786988475
468,527,29.178401007458113
468,50,27.98838597069391
468,608,25.455223706148306
468,1196,24.762067131444844
468,47,24.520206733936718
468,4993,23.970390000249676
468,858,22.497064608253655
468,5952,21.611926337326324
468,1210,21.377447421911437
468,2959,18.655456295231453
468,780,17.318996504042396
469,858,32.37034961669871
469,356,32.00829249795264
469,4226,26.043693797092597
469,7153,24.41311993193207
469,3578,24.228491153897764
469,4993,22.37371908733703
469,1270,20.85006985691154
469,150,19.39799289567066
469,5952,17.63988069440534
469,58559,17.258271797138597
469,377,16.36691168295794
469,2959,14.97542539800405
469,165,11.17125056096776
469,595,11.115659104526971
469,364,10.362310813810486
469,6539,9.96001960706109
469,344,9.388473387763188
469,6377,8.84556358287099
469,4306,6.280361028315382
469,231,5.228150122013474
470,2571,48.0663183129479
470,260,45.92192092645332
470,2858,42.8990306875495
470,480,42.63988072713091
470,1198,36.36751014650988
470,2028,35.910383528508525
470,593,34.2294724573287
470,7153,30.811741289840896
470,2762,30.426144006889295
470,4993,29.342852951063566
470,858,27.393223842895367
470,5952,22.921226578656015
470,1196,21.4641110737772
470,1270,20.61730832877676
470,380,20.091602503270884
470,1210,18.736135634702123
470,2959,18.653287507925423
470,780,17.281313722003688
470,592,16.931581717970268
470,4306,8.667329999459342
471,2858,68.36786342603627
471,2571,66.5419230092533
471,110,52.885865799313734
471,589,51.91482243316365
471,318,50.505528996043495
471,260,45.69105376210423
471,480,42.027208123551205
471,593,40.31107086019582
471,527,37.417624394423314
471,50,36.824368236740646
471,1198,34.05335198236029
471,858,30.125971170677957
471,4993,29.676968826195957
471,5952,25.618802216351124
471,150,24.959458661230844
471,1196,22.673917500175914
471,1210,19.860726100978248
471,47,15.205576032664293
471,592,14.534396198659236
471,780,11.464387995368243
472,110,51.62637506338436
472,2858,48.36915119868656
472,457,46.67776482480989
472,589,43.62110274817316
472,2571,43.38458486550576
472,593,42.014013354591256
472,527,41.74369530398247
472,47,40.959812389968285
472,260,40.22177382678143
472,356,38.98290909694098
472,1198,36.55887852952554
472,480,35.65532157212999
472,296,26.3115302343695
472,592,23.753190557162405
472,150,18.88287471233157
472,2959,16.67686077905325
472,1196,14.080032959200452
472,1,12.235679525680654
472,1210,10.65321735406522
472,780,10.623621631530845
473,50,25.96757999610683
473,2858,23.404186525297124
473,589,23.38112235028528
473,260,17.39549092370216
473,110,16.762561562631593
473,47,16.518205078484474
473,356,15.359221338753267
473,296,14.747892240047934
473,2571,13.800107405062796
473,593,13.252053239662368
473,480,13.170262123081683
473,4993,12.00594970936852
473,1,11.721947882621627
473,1198,10.932316115844316
473,5952,10.68246472972691
473,527,10.639422636192165
473,780,10.036726884408527
473,1210,9.00255410347276
473,150,8.973602310892922
473,1196,8.331451846435177
474,1221,13.071391753858284
474,79132,12.827128336441366
474,68954,11.857286601445276
474,58559,11.086123250692024
474,1210,9.905221456487366
474,500,9.166891742414679
474,293,7.445029698279506
474,165,7.049434105568397
474,736,6.777152125594771
474,597,6.497312960086923
474,733,5.436377255817168
474,4973,5.191918977925224
474,648,5.079876458805293
474,4878,4.9164258015547935
474,33794,4.86656488839242
474,208,4.250029474468438
474,10,4.116216075232247
474,4896,3.941442587400548
474,231,3.917540522374222
474,1527,3.662708851581881
475,480,64.25638367386341
475,110,38.29808042594123
475,2028,31.054139090889947
475,457,30.65235230468659
475,356,28.200823860537636
475,527,26.734276744666186
475,50,24.52122790274646
475,318,23.748257226313978
475,2858,22.31098476258474
475,780,20.093890084323586
475,1,19.219173127758992
475,150,18.88654966329724
475,2959,17.931551022299764
475,593,17.362581838894084
475,2762,17.142904006686955
475,47,16.021198814201774
475,858,15.806909145773062
475,296,14.264166838100873
475,608,12.805448745758861
475,32,11.516277221446943
476,2571,46.019451588594364
476,110,41.79722973457708
476,260,39.299002771244126
476,2858,33.332737290028696
476,1198,30.539392452218728
476,593,28.716559812209592
476,2028,28.336975798518743
476,527,28.035985648030692
476,2762,25.28643830961666
476,608,24.54919657907935
476,4993,24.525648477440456
476,50,23.52425572210579
476,364,22.645223046312438
476,858,22.108782534149814
476,5952,21.184631408789485
476,1196,20.126703615019306
476,47,17.488138730196603
476,1210,17.026289462329334
476,780,15.984212791614699
476,2959,14.080963429736153
477,480,33.929375005170016
477,110,27.051046713935914
477,590,22.70091823379219
477,356,22.62436554573081
477,4993,21.646434761629685
477,50,21.594789672952125
477,858,19.16178292949976
477,3578,17.78834750052402
477,1704,17.4263267628496
477,380,14.310670700364724
477,2959,13.309325378747555
477,592,11.995544052222625
477,1213,11.909972924797277
477,4886,10.912789729964633
477,165,9.935052585981667
477,293,9.595150586641092
477,1197,8.935240508299048
477,4306,8.77391522471595
477,597,6.043855873287772
477,10,4.356272378796527
478,2571,62.268050987112765
478,260,61.695530100476006
478,589,61.57697253506664
478,480,59.26243961814545
478,110,48.79631871362505
478,1198,40.237788822377375
478,1210,38.325408341792645
478,1196,38.30147151580752
478,356,35.129594313793916
478,318,33.98833804248474
478,527,31.379240568747203
478,4993,26.418705408454016
478,593,26.209940732215554
478,50,25.489409751076494
478,2858,24.468990532754994
478,2959,19.29581421311776
478,150,18.282519845155395
478,780,15.988288282674226
478,296,15.699870944209561
478,1,9.016700390677558
479,2858,27.820435763534963
479,318,26.076220107868682
479,480,25.428410990297273
479,589,25.004386436949993
479,1196,23.907853527016133
479,2571,23.518291212355276
479,356,21.77637096695177
479,527,20.08307237614967
479,50,18.964179561769622
479,296,17.323868613293566
479,4993,16.683590981413545
479,457,16.603397557087025
479,150,14.183098786210143
479,5952,13.664431585937443
479,1,12.771004191242602
479,47,11.689997076114942
479,2959,9.50781355512641
479,592,8.88847386628468
479,780,8.396143923482024
479,32,5.557181525145956
480,50,24.158941811029276
480,47,17.592763416582866
480,79132,17.324747542382802
480,587,16.373214355887583
480,58559,15.972510172208093
480,68954,14.256239541426046
480,48516,12.484713630391468
480,6539,11.057958726267282
480,5349,9.76111054968354
480,1258,9.32521130794533
480,1073,9.167038832505964
480,32,9.019770214590784
480,5445,8.624078088105586
480,4963,8.499966419931193
480,292,8.372943961131442
480,60069,8.306836838264175
480,924,8.158645071114357
480,208,7.5744331530302516
480,329,6.226093393600996
480,2706,5.297070348176363
481,589,51.49957759570141
481,110,43.43653747340261
481,260,31.835839559081883
481,318,31.592377828147445
481,593,30.936591437435837
481,2858,30.89183462613615
481,296,30.612834289356606
481,480,30.289949124290935
481,2571,29.07899953933532
481,527,26.96294643357836
481,1198,26.797958783134565
481,356,25.719590243857127
481,50,24.10933571872749
481,4993,23.947605599069718
481,150,22.13258668682789
481,2959,17.25947855607565
481,1196,15.850911019981632
481,780,12.82962579592206
481,1210,11.997484695753545
481,1,3.998831827516535
482,2571,42.357857369326396
482,589,41.907102547569494
482,260,38.29521381250675
482,480,33.72191724313013
482,110,33.7212180835848
482,2858,29.447953820667998
482,318,27.611497178659267
482,5952,27.25472748533449
482,593,26.94261114806827
482,4993,26.8530384651001
482,356,26.155958394998457
482,296,24.472007283706304
482,527,20.985862056341364
482,858,20.83132174020237
482,1196,20.643722083351204
482,1210,19.873527260491585
482,150,17.997909690151648
482,47,17.328102533918702
482,2959,14.51234746637357
482,1,13.406023416777757
483,590,23.841390165110415
483,593,21.214658968062047
483,1704,17.669402334414006
483,34,14.639760372819978
483,1089,12.786133405930864
483,1213,12.232850929814633
483,541,11.827688622813168
483,1221,11.482389343146997
483,316,10.043307142905073
483,736,9.907420770361869
483,434,8.395577001664094
483,924,8.181898859345742
483,1206,8.093371302212919
483,349,7.822331544317901
483,1258,7.813077101531547
483,185,7.767521166516306
483,4878,7.062501231600889
483,6,6.998057499748973
483,2918,6.981454242494727
483,329,6.625224286338837
484,589,29.27256927823028
484,2571,22.376258345322647
484,260,22.061227129521036
484,50,21.951180385510604
484,110,19.566451337859323
484,457,18.295455273445977
484,296,17.916041074605143
484,1198,17.879866785570155
484,593,17.21546364211952
484,858,15.780299416364311
484,2028,15.767429697148833
484,608,15.622838571608803
484,527,15.598583638064706
484,4993,13.037474717088934
484,5952,11.297910485095741
484,150,10.47858763411211
484,1196,10.381901134320536
484,1210,10.018715582805564
484,592,9.867001930920914
484,32,5.3901214399394615
485,589,99.13302359428751
485,2571,75.71110426189001
485,260,67.8041173147945
485,2858,60.36887814441074
485,480,60.09559246637831
485,318,58.71357668377449
485,1198,56.38456481442783
485,527,51.23642186812251
485,296,41.52463085771798
485,4993,41.18112669163299
485,858,38.101721206877954
485,5952,34.25144454585753
485,780,30.625348672814926
485,1196,30.279984418060465
485,1210,28.03254330594969
485,47,28.011578164653727
485,50,26.359016770524757
485,32,18.930879512212073
485,2959,17.85382161102915
485,1,9.21034759585733
486,2571,65.79468142924117
486,260,39.73464031136446
486,1198,33.74466157999326
486,2028,32.64683587264911
486,50,31.003541436795537
486,356,28.659276324897164
486,2858,26.75007106211597
486,1270,24.498733893776585
486,5952,24.213243240071623
486,7153,23.995452646814364
486,4993,23.59819901065376
486,2762,23.597676169938953
486,527,23.35174596236752
486,2959,22.917112834545474
486,1196,22.50437886782153
486,858,21.57740691722524
486,1210,20.944222929425415
486,608,20.50609712239
486,364,9.94812988013951
486,1,8.781778935854694
487,2858,54.66984677500218
487,260,52.74416017639473
487,480,52.23915792506362
487,589,52.219204554715475
487,110,50.96025732506729
487,296,47.571732103770756
487,527,40.56111591613379
487,356,34.99803601359161
487,457,32.77901424890325
487,1,32.69551054822919
487,858,28.159600899858553
487,1196,26.37798157261437
487,50,23.277576423443513
487,150,23.15161041943425
487,588,22.334538759120782
487,47,21.99822383532092
487,1210,21.76236070658173
487,780,11.126218297110409
487,592,11.10657319077933
487,32,7.700280958682966
488,2858,57.465174045234825
488,318,54.86640612690565
488,260,48.187314881765204
488,110,47.7227677871565
488,4993,45.31849275307123
488,356,40.11396612143516
488,858,35.74709461094814
488,2571,33.838100935655845
488,296,31.830445078442278
488,589,29.44789623377928
488,480,27.29099626351012
488,50,22.126224037192667
488,1196,20.035405950388814
488,588,17.01028652516291
488,47,15.051087034843796
488,1210,13.616638810611208
488,32,11.72528527195239
488,2959,10.203106296271303
488,592,10.175390960216715
488,780,6.575646542962564
489,260,38.164099066116954
489,318,30.434400959402
489,527,25.172550134255715
489,50,23.911695316861024
489,457,23.52901619994918
489,858,20.91769546810001
489,1196,18.467140591823544
489,1210,17.195335404019175
489,1193,16.455890692077926
489,1213,13.565234497394934
489,7361,13.328742839575433
489,1,12.924145642374562
489,1221,12.768352163013768
489,364,11.00340573552841
489,1206,10.512703333958768
489,344,10.48267540490417
489,1197,9.480841622767686
489,4886,9.348191889871288
489,10,9.258672221172585
489,2329,9.148350956275568
490,2571,55.65772312094174
490,589,52.555554122666905
490,2858,47.62704450349446
490,110,43.694383480893386
490,260,39.38354238456509
490,318,36.06548741658378
490,1198,33.85143310090647
490,480,31.79361457668376
490,356,31.693668509228154
490,527,31.606880168234515
490,457,29.228462516610364
490,50,27.71203909474469
490,858,24.186558250758086
490,47,22.239653669499823
490,150,20.063272149688906
490,1196,15.458904665922015
490,1210,15.093060937194076
490,592,13.343238846414069
490,780,11.903957393127213
490,32,8.058552090802833
491,2858,31.155579238589556
491,260,24.51042006683756
491,318,22.96053118385335
491,296,22.27144698793746
491,110,21.82204163715725
491,480,21.756229073592458
491,589,21.69622905821093
491,2571,21.61511190910923
491,1198,20.481397349156143
491,593,19.698596181170103
491,50,19.123129675054
491,1,19.018078803592243
491,527,18.943539264457982
491,4993,15.560156083822552
491,150,15.395931100298071
491,2959,12.700020599840435
491,780,12.54351002663906
491,1210,11.384662863366536
491,1196,11.29751003183686
491,47,8.90183379977855
492,589,24.961952788035596
492,1196,20.787975685487215
492,50,20.20305033882768
492,318,19.729956779740967
492,480,19.313675082272255
492,2571,18.30465980240437
492,457,16.21699166941817
492,47,16.024777347606772
492,110,14.851281165967418
492,1198,14.542969560041236
492,593,14.458241353082826
492,5952,13.515983165688844
492,356,13.302655264962088
492,2858,12.04292744001946
492,4993,11.882276194805954
492,296,11.470941660034693
492,150,10.741750943226142
492,2959,10.668414795594172
492,592,9.741753648742739
492,527,7.229300099134736
493,480,59.31747214912961
493,1210,52.13140300587076
493,318,43.35915888173769
493,2858,38.70403934069497
493,527,37.76469263567924
493,356,36.014637700342696
493,4993,33.88588702168781
493,593,32.89267603255371
493,5952,30.7137762516182
493,50,29.90376117218253
493,2762,28.279950588378888
493,608,26.774460006849754
493,47,24.748484819088624
493,150,23.409509813260804
493,296,23.22753556854066
493,780,18.144785054798074
493,588,17.142281387074235
493,2959,16.63280481347128
493,32,13.833966107130275
493,1,11.81766023329601
494,527,79.59800106631434
494,318,75.05979741099382
494,356,73.41706439911816
494,457,71.4967059210039
494,2858,66.53742042390013
494,4993,64.51132272424317
494,5952,61.54943088543277
494,593,57.36008085403577
494,150,50.34489697138776
494,2762,44.258358351392
494,296,41.80710484434549
494,608,41.09169349063605
494,780,39.13791824921702
494,588,38.07783788972434
494,50,33.10500533139188
494,592,27.5310034975577
494,2959,24.440460856830946
494,47,24.010562214266145
494,1,18.925388736088586
494,32,12.806956330365676
495,589,49.68005725948998
495,110,44.52120756003549
495,2858,41.35927115790419
495,260,39.17374889449317
495,480,37.63587254222685
495,457,33.33562993330649
495,1198,31.724480930507774
495,2028,31.369385924365044
495,593,31.193187842508287
495,50,31.188376491593953
495,296,31.13777003388831
495,608,29.28554467949577
495,47,24.174450559774527
495,1196,16.57061828994697
495,1210,15.60847681454547
495,592,13.203124854888852
495,588,13.002337628469972
495,32,11.876704508784488
495,1,9.993010148009915
495,364,8.492723042992484
496,110,72.8726956827235
496,260,67.17723543369044
496,589,61.66079346207071
496,2858,60.69390794189812
496,318,58.244651686554036
496,527,57.91767527279649
496,1198,53.813826499232114
496,2571,53.57512700801469
496,356,50.39221690821338
496,593,48.50253881746212
496,480,42.73725507861325
496,50,35.443012613133554
496,296,31.589162243167213
496,47,24.95972063427478
496,150,24.525473680411114
496,1196,24.203939295633493
496,1210,19.0095495748331
496,2959,17.002779015727018
496,1,15.987715945575546
496,780,11.818167783661554
497,7153,79.68622838390297
497,589,76.78333276447168
497,110,71.81193669791215
497,2858,70.82863658787623
497,480,61.19057007051676
497,527,54.67849251685217
497,356,53.41513181608052
497,457,51.315379760733144
497,1196,45.74013463772489
497,296,41.0447853359748
497,1210,38.38627057563507
497,47,34.35011274031347
497,150,28.683642023695427
497,588,23.220075870523722
497,592,22.97924149938243
497,1,20.835663670017254
497,364,18.760972885530624
497,780,16.683659461213207
497,32,13.571557356490791
497,380,12.06549524298673
498,589,72.29238648221488
498,2571,55.390755863055844
498,260,45.635913011370896
498,480,43.834591622705204
498,1198,38.54118295700145
498,2858,38.16247157341458
498,593,31.090186919616656
498,527,30.21560270503459
498,4993,26.554151467661576
498,296,26.44717365487761
498,50,24.818354990960596
498,858,24.210868394887363
498,608,23.95338920700277
498,5952,23.419944155090015
498,1196,22.921158160287483
498,780,22.637740405742694
498,1210,20.95318846913821
498,2959,17.401726175540478
498,32,11.331381884333531
498,1,8.994127839913345
499,589,27.321578014227534
499,2858,24.088282460561683
499,110,23.693013921362002
499,260,22.6670933934921
499,318,20.981025883913983
499,1196,18.775137831164148
499,296,18.050719069561627
499,527,17.30471542180752
499,1198,16.965690482680255
499,1210,16.002837121945504
499,4993,15.121423255347988
499,593,14.665758203177967
499,356,14.38447629889846
499,2571,14.247794774472768
499,480,10.440225983883927
499,50,9.835262225911361
499,1,9.044649835892768
499,150,8.509650425019279
499,780,7.063517823245982
499,2959,6.8850138147380635
500,589,28.577886466327513
500,2571,26.36388718627895
500,318,26.045116415514215
500,1198,23.174848269231987
500,1,21.08747640683239
500,1196,20.96830371979458
500,110,20.213146454506763
500,593,19.634242292438106
500,1210,19.07895396431515
500,527,19.068983477468983
500,50,18.246915659641274
500,296,17.633456144392035
500,858,16.226922268773578
500,4993,14.914454164065875
500,47,14.7360904801262
500,5952,12.991981228701858
500,2959,12.806501924213048
500,150,9.804377706826218
500,780,9.170970886782424
500,592,5.7122685901702654
501,50,21.0660548349379
501,296,20.669046442016146
501,318,20.058804146947896
501,589,17.64427064897876
501,480,17.555782506130438
501,593,15.095110748380499
501,2858,13.764768634237056
501,356,13.250982517584013
501,2959,12.896378819202813
501,110,11.484061876864311
501,150,10.128175664320077
501,2571,9.697008484272057
501,1,9.218515526098994
501,260,8.972359632348462
501,527,8.406941789183676
501,1198,8.098471482596878
501,780,7.71601552998859
501,4993,7.528747624737863
501,1196,5.815970095071148
501,1210,4.889551970287095
502,260,55.34504573288637
502,2858,49.7757942479466
502,2571,47.05693421702241
502,1198,46.50166682491021
502,527,44.16764111589356
502,593,39.65277162310927
502,356,38.968316472983666
502,110,37.82208444335073
502,589,37.73192276547253
502,480,35.4877922788674
502,47,32.8408923936942
502,4993,28.856529192862244
502,50,27.689861015162798
502,1196,27.345246441973963
502,296,26.170259386131384
502,150,20.814552889052788
502,1210,17.389569666246768
502,1,16.76765946761579
502,2959,14.54561679241378
502,780,12.076463135832368
503,110,55.23240784990365
503,589,54.3588509590588
503,260,49.10076955549836
503,296,48.9718661704565
503,1198,40.94302405066164
503,457,36.93765705782876
503,7153,35.06378415119612
503,4993,31.60781629421541
503,50,29.893742237942902
503,150,25.76009666178908
503,5952,25.468088801455185
503,1,22.98327330026813
503,47,22.80174530604056
503,1196,18.974594566585324
503,588,15.665688779531452
503,380,15.645370827549465
503,1210,14.589155950265447
503,780,12.217740960896581
503,32,10.692092517421669
503,592,10.672523036732814
504,2858,47.46814666423757
504,4993,40.125184694496085
504,593,38.308998577850716
504,318,36.718751102969335
504,110,34.541968200032784
504,260,32.707363311007725
504,2571,30.1010050759005
504,356,29.53612026644291
504,527,29.239917041991617
504,589,29.145516504417422
504,50,28.193398909611773
504,1198,24.47112473004587
504,150,22.62806919915259
504,480,18.96547620171377
504,47,18.86122074358757
504,2959,12.472080182433759
504,1196,11.465604057180837
504,1210,11.10338112561356
504,780,10.671255210517346
504,592,8.708133775011625
505,589,24.714890326917132
505,2571,22.88050318331376
505,318,21.64988722213581
505,5952,21.473918717001865
505,4993,18.409746427821787
505,47,15.891850819764732
505,480,15.45042352843095
505,2858,15.441688813914395
505,50,15.319744667454994
505,296,14.923674311047039
505,110,13.92173499025776
505,260,13.630335247722881
505,1196,12.94247779331606
505,356,12.667363300505924
505,527,10.533149498082617
505,1210,10.021153024601071
505,1198,9.945669200327337
505,1,9.06748084449219
505,780,7.777230733111313
505,150,6.65466085993275
506,2858,36.10177231659401
506,260,32.650573712747516
506,589,31.477655382557742
506,110,31.375920670560642
506,593,26.547651673685927
506,527,24.78359972066217
506,318,24.71832761528965
506,356,23.22590951385655
506,1198,22.76301034958843
506,296,22.227856435641026
506,50,21.816598287424107
506,4993,21.210615692036466
506,480,20.848441667722952
506,2571,20.611380968107785
506,2959,19.28875662355998
506,150,12.877872703241115
506,1196,10.556375462693662
506,1210,10.039905994979735
506,780,9.87297338184788
506,1,6.021638266594151
507,2571,113.93042801276204
507,260,81.7739094727414
507,1198,72.81078546197088
507,318,72.62574239432739
507,2858,67.53111921047962
507,527,63.607919541905936
507,4993,54.95591349099925
507,593,52.72766255644596
507,5952,47.28233054351724
507,296,44.94941792375938
507,588,41.494199751844825
507,858,40.62144664854359
507,1196,38.549009622348755
507,780,37.86141840531441
507,1210,35.42464117757844
507,50,32.75519582914265
507,2959,28.579097401237593
507,592,25.973122614123437
507,32,17.23679737620151
507,1,13.093315398728237
508,318,36.56111873215107
508,356,35.8658185758931
508,593,34.707146197138776
508,4993,34.597965700188524
508,2858,34.21112697238285
508,527,31.482725937173512
508,480,28.605923810436696
508,260,26.672288150309658
508,110,23.35252505832167
508,589,22.636026110808253
508,1198,21.85628453801584
508,296,20.11963375144167
508,50,16.93114960048118
508,150,16.928686127345028
508,2571,16.542795562291154
508,1196,13.403216712942308
508,1,12.857271239977536
508,1210,10.956672701423924
508,2959,8.837708235919736
508,780,7.44941891709007
509,589,29.212324033519998
509,480,25.02051972489706
509,110,20.164501419421548
509,2858,20.006015078741672
509,1198,19.624481317271528
509,318,19.573314845406934
509,1210,17.953551630956117
509,356,16.72572194702709
509,457,16.456733412851857
509,50,16.25753187566163
509,527,15.086860879747091
509,608,14.199942906058855
509,592,13.454592005348404
509,593,13.198220777730262
509,858,11.847830518022416
509,296,11.74709373495423
509,2959,11.7325868753332
509,47,10.81870658366773
509,780,10.43054691178128
509,150,9.855072860648194
510,260,50.265700675508604
510,318,45.63293508473259
510,2858,43.86814278291942
510,110,40.769563275309295
510,589,38.23720066817383
510,2571,37.3805278273342
510,356,35.73013505201932
510,480,33.031511677101804
510,608,29.192664998096024
510,296,27.574264382956297
510,5952,27.271680622394385
510,47,22.57545716559968
510,1210,22.182700830170177
510,150,19.637223896666818
510,592,17.115244128022038
510,2959,14.929404370178165
510,1,14.04231330035241
510,780,11.81026276156221
510,588,11.566790350401336
510,32,10.370784489791353
511,5952,98.46251314882275
511,589,92.72865664821794
511,260,84.97954573333509
511,480,80.04588727132847
511,110,69.37815463191258
511,2858,56.25259916791709
511,593,45.94077004268695
511,457,45.524036921067584
511,1196,39.68650775999463
511,1210,38.12559052368823
511,858,37.29690986284889
511,296,31.085702315134597
511,47,29.76006311551596
511,50,29.723038802245522
511,150,27.94035945373132
511,592,24.21312054446171
511,588,23.853952398749126
511,780,18.95739018664143
511,1,14.118587336462321
511,32,13.374957503989204
512,2571,65.82853854506078
512,2858,57.815007391094575
512,260,57.62655666176951
512,457,49.37670891941466
512,1198,47.58282941000108
512,2028,47.16672581939782
512,2762,43.797341615461825
512,7153,39.26569465803602
512,608,39.00077717486569
512,4993,37.53926150597175
512,858,34.116745299542195
512,5952,30.54657009597232
512,1270,28.892095694983524
512,780,25.574535726991556
512,1196,24.83393441124332
512,1210,23.23638314582091
512,2959,22.599398180071177
512,364,21.40402212027032
512,1,14.469078340137218
512,592,11.082750478733695
513,4993,104.51293662340773
513,1198,81.68505801795236
513,1196,80.19412316943021
513,589,77.93739285300018
513,527,72.13918675918652
513,2571,71.00004371824423
513,356,67.2944095739574
513,2028,64.8508292974103
513,480,61.466714029413474
513,858,51.818702987537065
513,457,49.74144861732516
513,2762,47.28807500175377
513,608,47.26349182384204
513,50,31.03470928978266
513,47,30.59590311458804
513,592,30.53245930194354
513,588,24.098091342132996
513,780,18.805367885299365
513,1,18.80433913855756
513,2959,17.361687110087736
514,318,34.85945880158227
514,110,34.18660035938256
514,590,31.047795008134255
514,527,29.073615993210105
514,4226,23.749433573204627
514,3578,23.07814039469027
514,50,22.340226027045254
514,858,21.895838732234907
514,1580,16.215476135639264
514,377,15.896192548595716
514,380,14.106412266607967
514,2628,11.978198607404591
514,780,11.454179733882514
514,6539,10.318655442294304
514,367,9.380555899951915
514,32,8.862334339068939
514,165,8.410122705643861
514,344,8.341728629458663
514,4306,6.977404347716672
514,231,5.598576491056441
515,589,92.81769896375471
515,2571,91.22869361401033
515,480,89.31113826291896
515,110,88.06611105028685
515,2858,81.96964240063306
515,1198,80.35529850790147
515,1196,67.65699217651863
515,457,67.30074695801045
515,1210,59.958862341770036
515,593,58.33157061038268
515,4993,53.87213966619941
515,858,48.156473322171756
515,50,46.013672496626164
515,47,44.85145633487194
515,5952,43.47725373460425
515,296,40.10802230380593
515,592,36.11346465361075
515,150,35.97759114771189
515,1,27.39447942590794
515,780,22.88329949040008
516,1196,57.798087399046175
516,318,57.00821759794688
516,2571,56.654132327751164
516,589,54.262247417859534
516,2858,53.96472086102663
516,110,53.53572960896316
516,593,52.47750709606555
516,1210,49.36788201251959
516,527,49.015862503076825
516,356,44.34785090592563
516,4993,37.16892492362083
516,296,37.08917691847942
516,150,34.64625282512325
516,5952,34.05957079600297
516,50,29.525754525882906
516,47,24.56113172084948
516,1,17.916434451443234
516,592,13.542032978029946
516,780,12.841380016613002
516,2959,11.734423902173122
517,590,42.7281592792296
517,1198,38.84294609419183
517,589,38.53876053653584
517,608,32.24899735337539
517,4993,31.48110649160139
517,858,29.18224313260467
517,2762,28.96249660972498
517,296,28.10024811794151
517,5952,25.489954215424568
517,1196,25.44710761590704
517,50,22.323053986249732
517,150,20.931146162817246
517,4226,20.680827850177774
517,58559,17.485291542421482
517,1036,15.81299210150479
517,1214,15.079579461536866
517,2959,13.462999349147966
517,380,12.635499714062597
517,32,9.131514793793208
517,648,7.419612173330451
518,2571,54.83287816275529
518,2858,35.81524833774327
518,110,33.95214275183462
518,50,32.547457177490465
518,318,31.176755158244582
518,589,28.443950585789946
518,260,25.419678614876354
518,593,22.951528302318124
518,1,21.90732017815833
518,356,21.23639241805127
518,480,21.16001957508726
518,4993,18.27802490927758
518,527,17.86477312611128
518,1198,17.73677946888795
518,296,17.18281983325222
518,2959,16.161197468380255
518,1196,14.45807521070169
518,780,13.690921362407082
518,1210,12.28818775868088
518,150,11.492892444328232
519,589,52.487973700908036
519,2858,48.03322378635136
519,110,34.89686421480509
519,260,34.54157343035549
519,50,32.569067317489626
519,2571,30.815071421592332
519,480,29.579212681656717
519,1198,29.329381944615555
519,527,28.17231158208275
519,593,27.841434235508288
519,296,26.46985447353471
519,47,23.647194318091152
519,4993,20.610587723926326
519,150,17.512335784989215
519,2959,16.39963831805903
519,5952,16.382122548015378
519,780,12.263095782641038
519,1,11.92306310150343
519,1210,11.50024571990281
519,1196,10.820358316554143
520,260,46.940617836353674
520,480,43.44490986554399
520,110,34.10604729419781
520,2858,30.433706724560615
520,608,30.029054877591147
520,1196,26.92874194730073
520,527,25.9197858456873
520,1210,25.13099498952238
520,50,24.073999294293806
520,457,23.925471705554298
520,593,23.163466233169657
520,2762,22.533572541628086
520,296,21.518835231230756
520,1,17.231090133701766
520,150,17.216158679991995
520,47,17.215047946686855
520,780,15.426634008466577
520,2959,15.365243888168708
520,592,14.994575378142098
520,588,13.558117670010024
521,589,31.427887482008174
521,296,30.63655581737146
521,50,27.879114656656107
521,47,27.20050907716409
521,480,27.103261324959387
521,318,24.908349828999793
521,2571,24.356312281651164
521,593,22.135738382203726
521,2858,20.291859911251393
521,260,19.42266369430872
521,2959,18.859526650054033
521,356,16.6637281958089
521,110,15.818117754835402
521,1198,15.594244755566105
521,150,12.237142723802398
521,527,11.801513619670173
521,1196,11.70504284685943
521,4993,10.294533080006644
521,1210,9.396223835792888
521,1,6.639399469723552
522,589,55.03459547001527
522,2858,43.201423361740844
522,590,37.80867589602356
522,457,34.86935303452437
522,527,34.415780149767805
522,593,32.177743255534665
522,2762,28.231219243150832
522,377,22.572603265045913
522,47,22.45559173780015
522,150,21.807168028757605
522,380,16.93875132098886
522,592,14.9680724905708
522,165,12.302481651980028
522,367,12.051666140411735
522,595,11.58166032901658
522,6377,11.385389718378134
522,32,10.716697535837667
522,344,10.063020818799497
522,648,9.217625408561206
522,4306,6.716539830949557
523,589,50.131150025074305
523,260,49.97297551251508
523,110,48.9550072160639
523,2858,48.12558150505739
523,2571,40.260853503822666
523,1198,38.63338784637496
523,480,38.20485891033771
523,593,34.053948720160804
523,858,29.931179903353758
523,457,29.657099033249942
523,150,22.58808848550346
523,50,22.2145412483326
523,1,22.098156813353924
523,296,21.942076648412115
523,592,21.203168089536284
523,1196,21.180979497731222
523,47,19.59415569053327
523,1210,18.307587387983517
523,32,10.20222263534237
523,780,10.18883070496924
524,589,74.71385735376754
524,2571,65.44814469987628
524,318,46.379985303873816
524,2858,42.94313853176924
524,296,41.80393821418514
524,2028,41.19221840252916
524,527,39.25408798134868
524,356,37.723300211925846
524,7153,33.33644768192521
524,3578,32.62904280279368
524,858,32.08877674802175
524,4993,31.204382189332282
524,2762,30.569362204614908
524,608,29.249258638715748
524,4226,26.514462223937677
524,5952,26.3325806349957
524,1580,18.901050559487796
524,2959,18.205378527187346
524,364,14.101158049823571
524,4306,6.1390067505257395
525,589,34.60619085060843
525,110,31.424781512408778
525,480,30.4589437779733
525,590,24.649770834668196
525,2028,22.762675348531467
525,296,22.106395616352877
525,457,22.019152344643384
525,7153,21.696509471247808
525,4993,20.860391218963898
525,2762,18.988149432401126
525,858,18.634510085323573
525,5952,17.634741191103632
525,1580,15.449158137660016
525,1214,13.1982843419601
525,592,12.181678055930153
525,780,11.581452952176464
525,165,9.623001559238332
525,344,8.389510398404118
525,32,8.38738635900698
525,648,7.027801759823335
526,110,63.33766659935808
526,527,51.3341721857043
526,260,48.98344010108965
526,356,45.09187132252118
526,589,42.85402720206888
526,1198,39.83092928737815
526,858,38.649271659060034
526,50,37.19872922308124
526,457,32.792493793147024
526,4993,32.41308922915754
526,2571,32.023852937433
526,480,27.53804339611294
526,150,25.881741319986933
526,1,24.91341116209815
526,47,24.851169622524726
526,5952,20.461807393429932
526,1196,15.997309358361555
526,1210,14.611496638266802
526,592,12.886052108074379
526,780,9.094481877085801
527,589,42.91528749582048
527,2571,42.5197636798843
527,318,41.53213185312936
527,110,35.0613381594478
527,2858,34.043738382139765
527,356,30.74101435655051
527,4993,25.076849760580338
527,457,24.629245492569915
527,858,23.628318535997707
527,296,21.8198125390398
527,2762,21.64704541817707
527,608,21.470221802092297
527,5952,20.121513800133595
527,1,19.986064152723596
527,150,18.441590821864786
527,50,18.136359679091573
527,47,14.305751919899047
527,2959,12.01887401823301
527,592,11.306246179070138
527,32,7.48836142594327
528,318,61.24023325806692
528,260,56.0150090865296
528,1198,47.38525852824751
528,527,47.20088807695867
528,457,46.21099061148596
528,480,43.62005672728491
528,858,42.01089158717267
528,2762,40.21106544568328
528,608,38.238634120247056
528,50,36.996037863966855
528,4993,35.991492066996535
528,47,33.040182965053575
528,5952,28.185515943168035
528,2959,24.980903498224006
528,1196,19.889068509765455
528,780,18.753718771191323
528,592,18.694465845289994
528,1210,17.79383279866825
528,32,15.75463058588441
528,588,15.173685390857298
529,1196,57.0222875661653
529,1210,48.222700421051044
529,2571,44.77627214238764
529,480,44.71764272939685
529,589,43.61331873262334
529,1198,41.1323466019658
529,50,24.944911333217938
529,356,23.465786394899233
529,150,21.693024338154252
529,592,21.612874204669343
529,318,21.3773093325222
529,4993,20.459198430119265
529,296,19.565269584065977
529,5952,18.67963210455607
529,110,18.22767929359704
529,527,17.591483979793097
529,47,16.38646904998349
529,593,15.375889479160806
529,2858,15.193286038783508
529,2959,12.86968127087254
530,589,84.36402602715609
530,2571,74.12417077469831
530,296,67.14414221044188
530,260,65.36581628395524
530,2858,62.46737878070071
530,110,61.7121517595435
530,318,56.86321037569402
530,1198,52.45372471705129
530,527,49.146585122744234
530,4993,38.563643293725335
530,858,35.66145706941381
530,5952,35.61239430029911
530,50,30.86058542085071
530,47,30.620571241225722
530,1196,28.424137689113227
530,780,26.305336064368007
530,1210,24.778179084759522
530,2959,19.965462617013056
530,32,15.778303758841332
530,1,12.447042060092345
531,1196,86.21760267862051
531,5952,81.29520378226388
531,589,75.40161074056685
531,2571,74.29059902242396
531,1210,73.44428007985543
531,318,72.38852150377528
531,527,65.43300617166108
531,2858,63.866341338040925
531,110,61.57581837975458
531,356,56.82971317861499
531,457,46.01605657244539
531,858,38.987766636049756
531,296,31.642093984938853
531,150,28.304834723175233
531,47,24.70372993663414
531,50,21.60929592680477
531,592,19.08766154234802
531,780,17.52190392343496
531,1,15.663608939959557
531,2959,15.266950419091534
532,260,82.26955007545367
532,318,76.28306557017967
532,480,75.97046888033114
532,356,57.762875311312946
532,593,56.44852118891827
532,858,55.466383350231986
532,2762,47.66853707476537
532,296,47.15778201841421
532,4993,46.734166475845306
532,50,44.85766343889023
532,5952,37.867681936841755
532,1196,36.353889444339785
532,47,35.370103834885384
532,150,35.093299383268516
532,1210,30.983249870629262
532,588,19.971801139723734
532,780,18.55524090566775
532,32,15.84919747762946
532,592,15.242717958792097
532,1,13.877497432940157
533,589,59.18957596474698
533,480,47.85658411572226
533,260,40.58075589406562
533,110,31.951257860672975
533,1198,31.66150021345482
533,318,31.555199462721767
533,593,29.043439263126302
533,296,26.560306840416427
533,2858,24.117295723730134
533,5952,24.090117006647038
533,4993,23.805512361005174
533,527,23.40481550491201
533,1196,20.601318698051877
533,150,20.332763169506215
533,47,18.23951336389119
533,858,17.735496627607386
533,50,17.204533931239418
533,1210,16.36323071646551
533,780,14.661245563671466
533,592,10.063588092455415
534,589,40.61666852279417
534,260,36.16159021566173
534,110,23.174891816071735
534,7153,22.638641101898592
534,50,21.624889625417413
534,457,19.304216358172198
534,318,18.476000373949287
534,380,16.611689441226687
534,4226,16.309371326217278
534,1214,16.11012337768495
534,377,15.690845827066175
534,527,15.623318487405824
534,590,15.468187605117496
534,296,14.789038119154963
534,2959,13.963900409439539
534,858,12.354549987517949
534,150,11.60181463025584
534,608,10.903880092108754
534,648,10.563446921776155
534,32,8.900662393852533
535,589,27.416218080379625
535,110,25.088285900368867
535,50,22.135638593887702
535,47,20.834026681917962
535,593,20.499090876015508
535,356,19.57823399255473
535,318,19.434722108558134
535,260,16.854119662619038
535,480,16.835167446635655
535,1198,15.972655671738883
535,296,14.588202528978135
535,527,14.004467107201377
535,5952,12.749262722453963
535,4993,12.729977492802398
535,2959,10.435535911414751
535,780,9.316325927869924
535,150,8.497469838871918
535,1196,5.591202190166497
535,1,5.423490467649841
535,1210,5.157126579153898
536,589,52.955644000189736
536,2571,45.45669456279786
536,260,44.452269470371796
536,2858,43.49629626916453
536,1198,40.55495300438356
536,318,38.80625730892524
536,4993,29.928915899089134
536,858,28.70391458327672
536,296,26.797747061117914
536,608,26.265618027077227
536,5952,24.685792390806483
536,47,23.517044534274504
536,50,23.219654491691102
536,1196,19.69874365163217
536,1210,18.865401549050873
536,2959,17.35384428877002
536,588,15.381979016291647
536,780,14.645216609963487
536,32,13.10113172635599
536,1,7.788549084983532
537,589,103.40290617246893
537,4993,89.08178981954988
537,110,83.07013399376946
537,260,69.95574500768254
537,2858,68.23703869704009
537,480,66.5514133758347
537,1198,61.71278967643136
537,356,54.99846533737756
537,593,49.73931976437932
537,858,42.48072863413354
537,47,41.3324091091218
537,296,38.96320722441277
537,50,33.439756936463674
537,150,32.617094524294785
537,1196,25.25841486265018
537,1210,23.642453933178288
537,2959,22.98310847872911
537,592,18.51850196332677
537,780,17.975399293459336
537,1,11.135127672991354
538,110,38.43359672515703
538,318,36.90973774489523
538,260,36.38328621763633
538,2858,33.08363121413753
538,480,31.56372183171263
538,589,30.035534999550602
538,1198,28.181941949980583
538,2571,27.60562252041094
538,527,26.257724569592362
538,356,24.993771601453794
538,1196,24.959820895000043
538,1,23.200435096423398
538,593,20.516156925342624
538,4993,19.820770391622904
538,1210,17.310793889273
538,50,15.767398893779214
538,296,13.101057613604418
538,150,13.019872161779588
538,2959,8.47324353870981
538,780,8.304199980452237
539,1,43.25124938295444
539,2858,28.960087989963228
539,589,28.4890735728386
539,480,26.019988751496395
539,260,25.552993629543884
539,110,24.674130927254915
539,2571,22.37355858938088
539,356,20.397267555815958
539,1198,18.83117916496298
539,1196,17.507433224654708
539,4993,16.782744066313686
539,50,16.35891628711426
539,593,14.799761199516997
539,1210,14.33414574635887
539,296,14.200314124420508
539,2959,12.254920649355114
539,5952,11.174152040068513
539,47,10.13647092798938
539,150,9.435456122561114
539,780,7.530569669408416
540,480,69.9192511193856
540,1198,67.18396877868929
540,5952,60.17316563079652
540,110,44.752023391853406
540,318,39.888783333006955
540,527,35.933122686685934
540,356,34.60322444556923
540,2858,34.12433501544416
540,457,33.79366476474504
540,593,30.81374142579785
540,50,26.393448237900643
540,858,25.413814326449412
540,150,23.831592014749216
540,608,23.01103634742542
540,2762,22.729570591506015
540,588,20.536934119445107
540,1,20.171915135847257
540,780,17.026397464896995
540,592,15.30617136229251
540,32,12.500288923175342
541,2571,39.44727631536343
541,110,33.45164530436737
541,260,32.187409995752844
541,318,30.668501790303758
541,2858,29.78341889444967
541,1198,25.398596561544867
541,2028,23.612366609712666
541,296,22.293870849314995
541,527,21.012096675422782
541,2762,20.820638834856492
541,858,19.094911358757972
541,47,19.049123347550616
541,4993,18.88642121938364
541,5952,17.169924524259507
541,1196,17.140960614518253
541,780,16.687153603190538
541,1210,15.81082842572664
541,2959,15.60958972240703
541,150,15.467567301077766
541,32,10.514691911670027
542,589,44.661737690753476
542,480,37.77001116007537
542,260,37.72811900420868
542,110,35.91437641561167
542,593,31.58634735266066
542,1198,30.6862336059561
542,527,30.268444625504593
542,50,29.244657023256412
542,457,27.749443768652956
542,4993,24.666167087438378
542,858,24.321968229141852
542,5952,20.726640994417966
542,150,20.688492460882138
542,1,19.44645078090184
542,1196,16.15468349298041
542,588,15.250197762988785
542,1210,14.740772632744337
542,780,14.705749315432762
542,592,14.062081572801132
542,32,8.956658026046194
543,589,50.972243304098576
543,480,40.483840704099244
543,260,35.17290996456939
543,110,33.93669725099672
543,318,33.766635515529224
543,296,32.529779631555364
543,1198,26.85779351165714
543,356,26.028881468726787
543,50,25.33788328591152
543,527,24.620808243751735
543,1,22.314609253949758
543,593,21.35250748030264
543,47,19.406509351060986
543,4993,19.24146032434147
543,150,17.199918871692446
543,5952,16.27112476340404
543,1196,16.01316988847316
543,1210,14.998851576981993
543,780,14.206551017140184
543,592,9.300406831648948
544,589,28.45919026607393
544,480,25.70548767358367
544,260,21.46875362341457
544,2571,20.7844223753864
544,50,19.313579011388427
544,593,18.770734466667832
544,47,16.51398694359164
544,296,14.421223506183376
544,150,14.291512230012545
544,356,14.184339963975612
544,1198,12.757944821037304
544,1196,12.610013117085712
544,110,12.200203842954357
544,318,11.989600439213499
544,2858,11.392725566986341
544,5952,10.952569911160404
544,4993,10.494311326240911
544,2959,9.696724193727615
544,1210,9.675362418326586
544,527,8.81403787731607
545,2571,29.716216113612607
545,110,28.792388134199566
545,589,27.052030280239126
545,260,26.762201405490845
545,318,25.698001423726097
545,527,19.773487416823617
545,2858,19.31841512824144
545,1198,18.401619254792145
545,593,18.154653025277838
545,480,17.941854133777188
545,4993,17.57793527578407
545,1196,16.994819701201862
545,50,16.805106114478964
545,356,15.079609227344276
545,2959,14.3845610975223
545,780,12.99015541995694
545,150,11.928291094887173
545,1210,11.438921188760718
545,296,10.870886126803224
545,1,8.822226047402733
546,589,29.949865958708287
546,2571,21.706198409781205
546,260,20.52829597616185
546,110,19.941616837056415
546,50,19.791597003666883
546,593,17.906048138903117
546,318,17.388450924006893
546,296,17.346098659139326
546,1198,16.397151722237645
546,47,16.311446558453937
546,2858,15.798563656143765
546,2959,15.08285496821018
546,356,14.66023396609978
546,527,14.535358712369208
546,1196,12.57322485919509
546,1210,10.793457687919497
546,4993,10.750544721752124
546,780,10.11635745566027
546,150,9.18159950029223
546,1,6.185477873928803
547,260,40.24290845015621
547,318,29.316814062723616
547,296,28.019282586846135
547,110,27.9194003249299
547,2571,26.90759222705802
547,50,25.137137006918234
547,593,23.78382012316633
547,1198,21.367747671554763
547,2858,19.772026778808474
547,527,19.338327113514108
547,1210,18.357697511423055
547,356,18.064595496649368
547,589,17.461570682768176
547,1196,15.480444565018812
547,4993,14.037826804606347
547,150,13.928885168292144
547,2959,11.864256670294917
547,480,10.587879782543547
547,780,7.57034308934281
547,1,6.180899063130246
548,1210,64.69112591825338
548,589,63.235025182451196
548,1198,55.636616209122806
548,480,48.55047879865145
548,110,43.675781063244166
548,318,43.66801369581205
548,2858,38.547555143514785
548,527,33.051488666204
548,4993,31.597811794190218
548,296,31.498756761850967
548,5952,29.603329127332156
548,593,27.945765031394235
548,47,26.19242268481556
548,858,25.92192517978034
548,50,25.775487753528704
548,592,22.703278832826317
548,150,21.71228487631843
548,1,17.091770640113502
548,2959,16.187804349924768
548,780,15.534733027172395
549,480,124.24382528604929
549,589,120.50832277902526
549,4993,100.38834669498169
549,457,81.01940625445249
549,2858,78.17865214977664
549,356,72.6871933781729
549,593,59.665170671276
549,2762,50.91503999597178
549,858,50.557930011787974
549,50,49.75001423398321
549,608,48.59548230493477
549,47,48.39375331190794
549,150,40.77089476617443
549,296,39.67004976543962
549,588,38.80098374240972
549,592,37.4531913516477
549,364,27.63156525411557
549,1,23.05927165470564
549,780,21.63892698600807
549,32,15.630661483708503
550,589,94.75177195508913
550,2571,91.59345569751521
550,260,82.59378503700918
550,480,77.248388800579
550,110,61.646755545153034
550,2858,54.119505191575676
550,1198,52.9189918773876
550,4993,44.9430454911714
550,527,41.535042834785685
550,5952,40.91122243185379
550,50,39.30323033345966
550,593,39.22532018776505
550,296,32.24071966867951
550,1,31.846777449806993
550,1196,30.884059251835208
550,150,28.829678721705925
550,1210,28.819704022644665
550,47,28.714739230399598
550,780,27.5054459959021
550,2959,21.834806015277586
551,480,65.03763290517443
551,1198,49.060469473065275
551,2858,43.00160321167083
551,457,41.42190702957165
551,1196,37.66866771808815
551,527,36.8329212445174
551,50,32.659544603382294
551,858,27.936206881436245
551,47,27.359927005362984
551,608,26.344119055481272
551,380,26.245545238289687
551,150,24.92919990270067
551,780,21.15144738364389
551,1580,20.922849942550332
551,588,17.808820509308017
551,1,16.924048994095312
551,592,15.682574137422446
551,364,13.05245850789333
551,32,12.287209306258053
551,344,11.551363145823828
552,260,42.60520123240172
552,589,37.99174260423082
552,480,35.55336442125837
552,318,31.933868177947808
552,2858,31.106256340744242
552,110,30.837955420407585
552,593,29.36517921171385
552,1198,28.635016840940544
552,356,26.141855971241462
552,4993,25.316938953560715
552,5952,24.102160800458805
552,457,24.05973987815122
552,527,23.69983481910933
552,50,23.098730123484238
552,1210,22.085449958533474
552,858,21.94991901975817
552,150,17.395229910312366
552,1,15.480574180866212
552,47,15.403428800802965
552,592,11.827077937685003
553,858,36.550594570124545
553,318,33.3024086266112
553,593,32.160045757118134
553,110,30.524620328350395
553,589,27.996057847616285
553,47,26.681909418367255
553,356,25.819413843827427
553,260,25.611775300333132
553,457,25.182818220352416
553,527,22.273941531971467
553,1198,20.62835518705489
553,480,19.048499805930252
553,150,18.58535368606758
553,4993,15.762558434271854
553,5952,13.033847280635927
553,780,11.779978046782043
553,1,10.862520121330919
553,592,8.741184935884888
553,1196,6.997430445834707
553,1210,6.675877316561128
554,260,68.78542353023164
554,318,54.557274246223066
554,110,52.54848390394098
554,1198,48.10127005550709
554,356,42.691484378749706
554,589,39.54875569641227
554,296,36.867112958619906
554,457,35.88694720963314
554,480,34.95411367002767
554,2762,34.55427627763934
554,4993,31.567569940027717
554,50,27.214138337095108
554,150,24.291631431801772
554,5952,22.340307142733803
554,47,17.795168508658033
554,1,16.827516597938125
554,592,11.88584799972226
554,2959,11.478466082857475
554,32,9.649771055186227
554,780,9.021515544388354
555,2858,22.53440244540336
555,590,18.87120200104288
555,4226,17.87212536253846
555,858,17.248551920971266
555,527,16.12281017461735
555,7153,14.380562934251156
555,47,14.256486853818062
555,4993,13.916861181699888
555,3578,13.866932246640783
555,380,12.995687464458227
555,377,12.49566900591116
555,5952,12.246931990198178
555,58559,12.19452177786626
555,2959,11.3048926950041
555,165,10.412642610236226
555,588,8.736860647583802
555,6539,8.158928974487619
555,364,7.426003160211608
555,648,6.493308298864353
555,4306,5.90217542271449
556,4993,117.43158601185554
556,260,62.78709668622501
556,589,50.742200941973515
556,2571,47.382543889607994
556,480,43.27079936485746
556,1198,42.50585590049282
556,110,38.225207450096896
556,527,32.124742841238344
556,1196,31.542387203991005
556,1210,29.75106781260419
556,356,25.826435490431628
556,318,22.46363747033061
556,150,19.156355109495653
556,1,19.02757026495292
556,780,18.564041570178713
556,593,17.861506814823443
556,2858,16.54017723976364
556,2959,13.145397920470556
556,296,11.485143215553368
556,50,10.121213599464506
557,589,112.66006668163061
557,1198,107.34211292605232
557,480,106.74541223601463
557,1210,98.98833993159079
557,110,85.2589700667124
557,2858,62.40223612636193
557,356,57.58850366139532
557,457,54.783336250070015
557,4993,52.9436528701856
557,5952,45.4867454956988
557,593,42.79380894824867
557,150,41.795874658969005
557,858,39.40072385171283
557,296,37.71234418675419
557,1,36.89288458380312
557,780,26.79107058009476
557,47,26.43215888304153
557,50,25.70482344616011
557,592,24.231879704608197
557,2959,18.9935645184826
558,589,48.69262717620391
558,110,41.661306216878685
558,2571,38.520342198271386
558,480,37.807507684144866
558,5952,37.51778200950078
558,318,36.15570699872303
558,2858,34.26032639804771
558,260,33.5176022711225
558,1198,28.858777122330668
558,527,27.669834774569605
558,356,27.38273791126078
558,47,25.02390242039783
558,50,24.14965366217428
558,150,20.73557505203478
558,2959,19.73326872428724
558,1196,13.993585588103118
558,780,12.67803316364785
558,1,12.675360648186157
558,1210,12.223307052412071
558,592,8.621664155547466
559,2571,42.35057977415183
559,1198,29.878811276256304
559,1196,28.407024262099764
559,2858,26.3185609834371
559,593,25.571348594259224
559,2028,24.74466336632271
559,50,22.197921096370784
559,527,21.9270293238362
559,2762,21.280563600794626
559,7153,21.131790466656636
559,4993,21.039817514033743
559,3578,19.881700969465246
559,380,19.04315689380973
559,5952,18.687102370949066
559,1270,18.277306773804625
559,47,17.75353417535588
559,858,17.55314005791221
559,2959,13.829036689913648
559,648,10.283853759289578
559,4306,6.778649974269535
560,480,32.59726569366133
560,318,29.96443828512842
560,590,25.768435572089093
560,296,25.387234616064923
560,457,24.485659815711298
560,527,24.324118164434314
560,858,20.593313068545157
560,58559,19.13128429264176
560,1270,18.361766410828118
560,1036,13.65311472492827
560,6377,13.155863975278907
560,588,12.952945417137492
560,592,12.675984743025673
560,165,11.1376549481039
560,367,10.666350581470933
560,1265,9.59327900826347
560,648,9.57898098031274
560,595,9.563341810760493
560,364,9.123355227499143
560,1197,7.292157837698649
561,2571,51.50892975250415
561,356,26.369738723079156
561,590,26.366632645224538
561,4226,24.89570270620432
561,858,20.38014192682496
561,1704,18.661908156806312
561,153,18.274189241848507
561,150,17.753989071022353
561,165,14.61007430682065
561,588,13.450819446444369
561,4886,13.358187152023968
561,500,12.158967634248398
561,344,11.401544911147742
561,4306,10.690517259511193
561,293,10.403785223365341
561,595,9.426736286479112
561,597,7.666225283709731
561,10,7.51109168925598
561,1136,6.636008740400497
561,231,5.083227820071421
562,260,37.59927425469293
562,2571,34.70974291527342
562,480,31.189298312278652
562,1198,28.13275968972561
562,457,25.89283817047543
562,608,24.83883690118267
562,858,24.350943317125047
562,7153,22.406406108853147
562,1270,21.423580392815563
562,4993,21.30953642310488
562,47,19.569671264377615
562,1580,16.738878978074293
562,5952,16.189061882288158
562,1210,15.583334568290802
562,380,15.562642647680136
562,377,15.3182187591393
562,780,11.871730493642668
562,592,11.12585251428743
562,32,10.343545960345747
562,344,8.87862154053739
563,2858,27.201769134282365
563,318,19.028452034324573
563,260,18.424247470828035
563,110,17.63668271251205
563,593,17.44905137367205
563,589,17.04755803158355
563,50,16.064605824230277
563,2571,14.995573012535775
563,296,14.912060351053503
563,480,14.454613892225593
563,527,14.428015963873088
563,1198,13.903109647507849
563,1,12.341026024871294
563,4993,11.51000680060092
563,2959,11.455884798518778
563,150,9.714393095544184
563,1196,8.760624774806267
563,47,8.407464863517246
563,780,7.56426914097959
563,1210,7.2147552567224595
564,589,19.71255700372174
564,2858,18.558105762534968
564,50,17.721832005380637
564,318,14.936599917983454
564,2959,13.8675716951618
564,2571,13.667827796358699
564,480,13.571308356523215
564,47,11.771627903249739
564,260,11.171413076894016
564,110,11.069788991200953
564,296,9.960633803865099
564,593,9.409511393713798
564,1198,9.043113112601935
564,780,8.73251771838878
564,527,7.679246750384284
564,1,7.545621616723187
564,4993,7.082692088263781
564,150,6.699344773021479
564,1210,5.613737722280748
564,1196,5.067840771411872
565,589,68.30544875694653
565,2858,63.85084411232384
565,260,63.172660775048726
565,2571,60.936573630449814
565,110,58.28020965104559
565,593,55.42569887087479
565,608,50.81301886677
565,1198,48.66579550936229
565,2762,47.07043825653775
565,356,45.46051193575588
565,480,45.38508435715439
565,2028,45.04370715939281
565,4993,41.459994428099264
565,858,39.33317741291535
565,5952,31.3708613400741
565,1196,22.55986715746279
565,780,19.74041175861789
565,1210,18.218788185582643
565,2959,18.153540224965813
565,1,15.28391888484028
566,589,60.15157714909427
566,2571,55.285369411392956
566,260,49.65979611679167
566,2858,44.68744086871304
566,1198,38.57508336035914
566,593,36.86595615265212
566,2028,36.58477880653352
566,7153,31.23909852025536
566,2762,30.86305986649615
566,4993,30.597025786390095
566,608,30.169653300342453
566,858,28.73498404965583
566,5952,24.35340001004652
566,1270,23.81607214462509
566,1196,21.329865876079303
566,47,20.70998257913672
566,1210,18.841014283837662
566,2959,16.241119808398437
566,1,11.676633345527312
566,4306,7.082884480182147
567,589,38.088495126603746
567,2571,37.117781475048304
567,110,27.617146757013472
567,1196,23.31956344422621
567,2858,22.963670175623257
567,318,22.790358395051644
567,457,21.012711589763118
567,2762,19.75102947143632
567,527,19.62501802085649
567,593,17.433158057952504
567,608,16.09185065808696
567,588,15.15546834514957
567,858,14.883329249045927
567,296,14.047779096752135
567,2959,13.440741330259641
567,47,13.314132336278178
567,150,11.627814107764031
567,780,11.312534885281806
567,592,11.207240890950446
567,32,7.359676579025067
568,2858,60.876192078369336
568,260,59.95844260679164
568,318,50.52947177147059
568,110,49.91389368632439
568,2571,47.80095270108617
568,527,47.70321859168658
568,1198,45.2051903134258
568,858,44.022403055526674
568,589,41.991192890895945
568,457,34.859993550761274
568,150,30.230626926355562
568,4993,29.44548585481717
568,5952,23.6235582064321
568,1196,22.156974895380124
568,47,21.369589891967234
568,1210,20.68301861935426
568,2959,17.804038301096366
568,1,13.472218953319254
568,780,13.173796426454512
568,592,9.664347447895324
569,589,106.09556879979633
569,2571,82.71412671354825
569,260,65.20252976280238
569,110,57.20691475990019
569,2858,53.45301062529523
569,1198,53.3202425509838
569,457,49.15750040384444
569,318,48.551176048628264
569,527,44.95338337684679
569,593,41.57458919873419
569,780,38.61058495809137
569,150,37.8927118314496
569,4993,34.95071139372136
569,858,33.44562941880953
569,1196,33.04325415415092
569,5952,31.765760844549323
569,1210,31.48674580512253
569,47,25.795258433795443
569,2959,23.314401928998915
569,1,15.040875202814918
570,480,58.853536530738076
570,318,46.242753715344655
570,590,43.139819502165
570,593,40.77035566597265
570,5952,40.614871538246426
570,457,37.249960658143564
570,296,37.16178489785727
570,50,32.371924498449644
570,1210,32.11350094085695
570,79132,31.67641187143806
570,58559,28.59083239597991
570,588,19.640858700306886
570,500,16.976769056544722
570,592,16.877303981922122
570,6377,15.30985864203502
570,1136,15.178704698913334
570,32,13.98466670010889
570,595,13.413456054291393
570,344,12.654190552952057
570,1197,11.527230593802951
571,260,26.06904058655834
571,480,23.72164074573484
571,589,20.46426089633067
571,2571,18.200718211245174
571,593,17.9908756145774
571,1210,17.05810280996365
571,318,14.481204879427823
571,1198,13.283044517460898
571,50,12.85431308144176
571,296,11.26340000062229
571,2959,11.164523631316264
571,356,10.81213625501589
571,47,10.215749933850926
571,110,8.62840082059504
571,780,8.05455516999262
571,527,7.87705252111083
571,2858,7.84746236601329
571,4993,7.706839600199525
571,150,7.33505616071461
571,1,7.148682954731896
572,2858,71.40645248842699
572,110,67.36738451188977
572,1198,55.77140086231101
572,2571,49.66097400030303
572,589,46.87414853395826
572,2762,43.358506333738205
572,7153,41.397119457781
572,296,40.8246411969463
572,4993,35.352264432432975
572,50,33.04070524279768
572,5952,25.577883168418275
572,1,24.417832437271297
572,47,20.550571286947342
572,588,15.058650303312232
572,592,13.9902376255304
572,2959,13.491051554836355
572,364,13.158842826557194
572,32,13.151690225011732
572,780,11.460621208355054
572,380,11.008553556412679
573,2028,31.89758002085431
573,590,29.84044702837525
573,527,27.320451621834994
573,1097,22.811949755010687
573,608,20.438153326439604
573,2628,19.536136462895044
573,1704,18.78474167091988
573,34,18.19471449614717
573,541,16.98762598336553
573,4995,15.951486112749574
573,344,13.161168219860224
573,7361,11.928567857998017
573,349,11.73628954721707
573,1682,11.091824085347504
573,1265,11.081971439145503
573,32,10.988307804425435
573,208,10.768627248153928
573,1206,9.534696625792956
573,597,7.3373526503117
573,4973,5.216819221810852
574,589,93.6519527403185
574,2571,64.05882387853254
574,318,50.44724421765727
574,260,49.63989634419647
574,480,47.60003485459423
574,457,44.457493157034136
574,1198,44.40955119525685
574,2858,43.7572972345158
574,296,39.36135125848046
574,356,38.693229345688195
574,527,35.832204919021
574,4993,31.95655199453663
574,780,31.312777221713095
574,5952,30.552844018248305
574,858,27.280212441097067
574,50,25.96923418106851
574,1196,23.57762105638332
574,2959,21.44693010319607
574,1210,21.20514477727705
574,1,10.967458973855337
575,589,19.70278354349764
575,47,15.789630417364306
575,318,15.439682085288085
575,50,14.45493911800276
575,2858,14.415098454194286
575,480,13.9028187638889
575,2959,13.325598159480542
575,356,12.020541486464262
575,260,10.897154177434786
575,593,10.781257678196535
575,1198,10.001464832556522
575,110,9.718410065093732
575,150,9.347121136142295
575,780,9.183873756769566
575,4993,7.444175246351968
575,296,5.589737728257428
575,527,5.056595196390407
575,1196,4.988107647162378
575,1210,4.982533692964664
575,1,3.4878015467950485
576,589,27.899763866850314
576,2571,22.59924417127737
576,2959,16.473281490444425
576,50,16.24024275903742
576,480,15.942662215788381
576,110,15.50259210667428
576,593,12.835825920123828
576,296,12.451113487970941
576,260,12.241335547728456
576,2858,11.914145725743557
576,1196,11.551340801737233
576,318,11.018370343660262
576,780,9.120002822446768
576,1210,8.714065308938434
576,356,8.508792350496162
576,4993,7.2173468112328765
576,1198,5.175470385796219
576,1,5.059470770181992
576,527,4.888240080038735
576,150,4.2216759045962196
577,589,69.44091251821035
577,2571,64.70183345153528
577,2858,63.682101103064014
577,480,57.60258854380646
577,7153,43.727729021843466
577,1196,41.60489243761683
577,296,38.71560787122806
577,2762,38.42562171380743
577,4993,38.22178609536847
577,150,32.604062998329226
577,50,30.33336815485697
577,5952,30.141411204396405
577,47,22.481469955820042
577,588,18.323900703928615
577,2959,18.203487500051857
577,364,14.577312297470835
577,1,14.012393484870291
577,32,12.484327286519399
577,344,9.167073848295187
577,4306,7.0990765659479695
578,2858,31.993383870222164
578,110,28.687934555830807
578,260,25.89611872763321
578,296,23.517980814502224
578,527,22.461406204541827
578,593,22.407819650180734
578,318,21.688405567270753
578,356,21.12555512521699
578,4993,17.709291435018347
578,50,17.628485005059545
578,589,15.761327059218067
578,1198,15.499098337680731
578,2959,13.098005675976667
578,2571,12.802139621698643
578,150,10.76853076462659
578,1196,10.233344752757695
578,780,9.750796230723504
578,1210,8.504161595757958
578,480,7.783286906559717
578,1,5.783131880176107
579,589,42.70780500251217
579,260,35.982598399533195
579,2858,32.130041914236294
579,1198,30.916152678355182
579,318,30.848246465975983
579,588,30.14116543488651
579,593,25.46052567405964
579,457,25.453273528578592
579,4993,23.313879200501898
579,5952,19.765387081537362
579,858,19.687899287770467
579,50,19.195993285317904
579,296,19.15315990743839
579,1196,18.321873688543736
579,47,17.55589515571779
579,150,16.820878564662053
579,1210,15.76310527985783
579,2959,14.376338392611796
579,592,10.310048501834393
579,32,7.155331939349404
580,260,46.46725990054297
580,7153,29.431906150549988
580,457,27.57924906366141
580,79132,22.16207354053366
580,47,20.47479247003016
580,150,19.944560646979166
580,58559,19.752202973574658
580,377,17.99939210455739
580,380,15.967365172188321
580,1213,15.635073077382355
580,165,11.600426781187199
580,588,11.393881487545777
580,1265,10.21120551435561
580,500,10.099292091923104
580,648,10.073509100189524
580,595,9.697509506364474
580,344,8.927680122297586
580,1197,7.9221048951352895
580,10,6.625280970618268
580,597,5.797340074081021
581,5952,90.43433663226914
581,2858,89.41248533464766
581,260,85.32713302374738
581,110,78.59377006233464
581,589,76.3907010154804
581,480,66.83057979237387
581,1198,64.75198996031916
581,593,56.02972214511848
581,457,51.86071051990417
581,858,45.25822117345718
581,296,43.37519725432394
581,1,41.318187213397294
581,150,38.35939735671634
581,50,35.62621769906825
581,1196,34.873862620745896
581,1210,29.566775611319553
581,47,28.588268019549297
581,780,19.66845017858525
581,592,19.594826358051098
581,32,15.845042347080307
582,589,76.70116451253008
582,480,67.48576481121779
582,1210,57.86126204703057
582,5952,56.58000817025951
582,1198,56.5257623688308
582,110,55.231987407874776
582,457,45.484803725605
582,318,44.59682253957991
582,2858,41.570223156189634
582,356,38.09833902838389
582,527,37.399070177080674
582,47,28.695520539567315
582,296,27.869648061262545
582,50,27.47830245546119
582,1,27.396708393681276
582,150,24.772124721741022
582,592,23.847222031508853
582,858,23.59699822105264
582,780,22.211596427124388
582,32,13.26204677806437
583,589,28.403082321558816
583,2858,27.594045268262118
583,1,19.259522404892536
583,318,19.174200974804354
583,356,18.592712535234604
583,260,17.649144485611757
583,110,17.52627012068786
583,2571,16.545366176582164
583,50,16.163815996179125
583,150,15.310950228125394
583,480,15.193488660638474
583,1198,13.891081659457093
583,527,12.94740680709055
583,4993,12.750327685202404
583,2959,12.54042962524962
583,5952,9.810160699589535
583,780,9.597272259792847
583,1196,8.713849774929958
583,1210,8.455027882429476
583,47,7.760403331440187
584,2571,47.56557952108023
584,260,36.50586018457883
584,318,32.94868821119242
584,2858,32.87424756113548
584,1198,31.43395230745274
584,2762,28.95875076077804
584,2028,28.15278328046602
584,527,27.01840805487854
584,7153,24.08446348979288
584,4993,22.86794489927513
584,50,22.468208317321217
584,608,21.032634828101695
584,858,21.01123530616195
584,5952,20.34050489923803
584,1196,19.14135107916188
584,47,17.49535079664892
584,1210,17.46858119369017
584,780,16.035353632746038
584,2959,15.645517989859925
584,32,10.619126440285342
585,318,43.264521607151075
585,593,38.80100836731169
585,50,38.00546206929537
585,110,37.6980576938872
585,589,33.222403581583684
585,356,31.503669742628585
585,2571,30.09594792683425
585,527,30.017456564993434
585,260,29.624459475083235
585,47,29.449197721343083
585,1198,23.73538868477047
585,480,22.772075230849538
585,4993,19.657462334375744
585,150,17.238897908216444
585,5952,15.08256544888765
585,592,10.2114457930632
585,780,10.118330165548862
585,1196,9.862140207070572
585,1210,8.92052209698965
585,1,8.905120056615974
586,480,51.89758384173297
586,110,40.97944420438399
586,1,32.790177447729924
586,50,28.272998652772195
586,2858,26.994844342148227
586,356,26.96391695804639
586,527,25.253505606248183
586,4306,24.260033166375877
586,377,22.20861702287815
586,593,21.339367392682362
586,296,20.39459394544212
586,380,20.130703130768463
586,47,19.95066622361929
586,364,19.274641117786768
586,150,18.547966159584206
586,608,16.944164365222704
586,780,16.618688304590407
586,592,16.2005325127935
586,2959,15.35465301037966
586,32,9.618616556307645
587,110,40.10714518086194
587,260,36.32316765842945
587,318,36.26716396931948
587,593,35.94088162872926
587,589,32.15221511200109
587,858,29.905204976316174
587,527,29.056344128595942
587,1198,25.72964073687455
587,457,25.65071947957148
587,480,24.873634348212242
587,4993,20.42055136630006
587,150,17.47274843712758
587,1196,15.290845357846308
587,5952,13.746234709144668
587,47,13.640394378389834
587,1210,12.43357881252221
587,592,12.080460653257445
587,2959,11.942759803595004
587,588,10.416099426056032
587,780,9.091387160301968
588,2571,51.81708839244178
588,260,44.31291944549102
588,2858,44.17943527777517
588,1198,39.464711153428745
588,2028,37.11048134377867
588,858,31.790765307058997
588,7153,31.33706379979154
588,2762,31.336206835567992
588,608,29.798182199474198
588,4993,29.181327622515514
588,377,28.77995455382079
588,5952,24.506508382984812
588,1270,22.980941599198772
588,2959,22.640932098846022
588,780,20.148379058894637
588,1196,19.505780147460158
588,588,17.66266504642055
588,1210,17.61080416338638
588,32,12.51010080836081
588,1,10.31331449550458
589,2858,72.7515749450274
589,110,60.84104957069768
589,260,60.7140116899651
589,589,56.26022170990799
589,2571,55.59753096715341
589,480,50.65838554259797
589,1198,47.49920066866738
589,457,44.112565462330664
589,858,42.487525239924175
589,4993,41.362703927213474
589,50,34.927547787564066
589,47,30.69419934659569
589,5952,29.30681606465158
589,1196,20.845265063310755
589,588,18.28712636343126
589,2959,18.236413415715326
589,1210,15.875086209161264
589,32,14.149792220314279
589,1,14.136129799925964
589,592,12.312917807348406
590,589,44.06557641227078
590,1704,24.465316793455226
590,79132,21.010176890221086
590,587,20.56812589828517
590,34,17.833297314030396
590,1200,16.85713885915641
590,1214,16.82669091429392
590,1580,16.446064139667985
590,7361,12.12238166385334
590,2628,11.83517511620154
590,1682,11.682295663333129
590,8961,11.109701183356307
590,736,10.799777526275639
590,367,10.139720426907834
590,316,9.999664044910105
590,293,9.953876560010404
590,4886,9.541759604563806
590,208,8.552632332290171
590,597,7.774487711160115
590,4973,5.072868793525949
591,1196,48.71692551820509
591,589,47.72887184076683
591,1198,40.77845114160795
591,2858,39.21959786538769
591,110,37.9988295278926
591,480,36.51623051339764
591,1,34.79006295142483
591,50,34.41645499760845
591,457,32.524031619086564
591,593,30.213334583175715
591,318,28.921586299453836
591,296,25.538558910844806
591,527,24.161161800170987
591,858,23.315974253973085
591,47,23.12671452605782
591,4993,22.948528099587044
591,5952,20.939745398797555
591,150,16.391096331535056
591,780,15.432259071440809
591,592,11.126396749238816
592,2571,40.1941418645682
592,260,31.61108974890433
592,1198,26.822475331928942
592,2858,26.030288672552853
592,50,22.558818777855393
592,527,21.688615154590206
592,47,19.914975712115666
592,4993,19.665235582942692
592,2762,19.364557224432254
592,1196,19.26292065229634
592,858,18.996828603569668
592,588,18.52934747199647
592,150,18.39131017926882
592,5952,17.423489883446972
592,1210,17.383466475733734
592,608,15.748647329404724
592,2959,15.499457793746439
592,592,14.004248787932578
592,1,10.678121988384211
592,32,8.140643854336583
593,589,66.06770360145728
593,1198,60.38595187355113
593,590,57.946112214161445
593,480,53.03007005088607
593,2028,50.613891719450464
593,296,45.90912954007403
593,858,42.87160952315439
593,457,41.72173082178834
593,2762,34.71116977080427
593,58559,27.03950140050295
593,4226,26.58764763986365
593,1214,25.719060218746016
593,380,25.658492295228594
593,1270,25.250502305509112
593,47,25.196300371280653
593,1,22.314188726453942
593,592,20.028727363651633
593,367,14.915935227641759
593,32,13.034384874958246
593,165,10.477395310009557
594,2571,32.31816880183684
594,260,30.98856426006212
594,110,25.278352589561514
594,318,23.614293385022968
594,1198,23.361877645303558
594,2858,23.309641310846118
594,356,20.62809415129057
594,296,20.494928223980846
594,50,20.230437618706215
594,1196,18.836382158416864
594,7153,17.3286640261543
594,527,17.19756863371432
594,4993,16.365600486299638
594,5952,16.33520420432381
594,1270,16.169804922876207
594,47,15.641903964515587
594,608,14.918834587132194
594,2959,13.222841813302654
594,1,9.398115667416675
594,32,7.215041880687296
595,260,58.46783570107079
595,296,58.324549169158914
595,2858,44.43946553610524
595,589,41.58185897269253
595,593,36.60178391252551
595,2571,35.72222466314358
595,110,35.17875263989198
595,318,34.38678308972669
595,480,30.758524229339468
595,1210,29.731403755301102
595,1198,28.821340016503125
595,1196,27.327578739641837
595,150,24.46686275253775
595,356,23.47348309403045
595,4993,23.104388812436618
595,527,21.924054683183456
595,5952,21.223610658732394
595,47,18.789671491159375
595,1,16.24643074901356
595,2959,15.037708169102718
596,480,38.02957876909992
596,110,33.63148849782757
596,2858,29.950925974646726
596,7153,29.54746442519314
596,318,29.044662214681136
596,590,26.520392238859063
596,50,24.92727432981643
596,2028,24.80185609180037
596,608,21.560443298479704
596,296,20.426132321814293
596,1580,16.792759348686
596,377,16.784779209050544
596,47,16.114282980794723
596,380,15.718267723034568
596,588,15.079237480076879
596,780,14.249779085697263
596,367,14.092083920587557
596,165,12.314263437006028
596,344,10.892952788340624
596,648,10.213961161519117
597,2571,37.752107790546326
597,318,36.89259076147857
597,590,34.00032856804358
597,593,31.99134478604322
597,608,30.42266681596405
597,296,29.805563590855527
597,527,29.049521395694686
597,4226,24.867607247233003
597,3578,23.541928982786168
597,7153,23.373861740551263
597,4993,21.232053994807597
597,150,18.59125551422983
597,58559,17.798462527081742
597,5952,17.559521940673907
597,2959,15.10040676133092
597,344,10.447553974053118
597,364,9.796226127217057
597,32,9.46960087343068
597,367,9.12191793353778
597,4306,6.111943681317172
598,2858,57.280690671878475
598,2571,43.9106982025251
598,589,42.708368095408986
598,110,42.0546381718211
598,260,41.49204352113574
598,318,35.030909969277396
598,480,34.087455417713386
598,356,31.62500182794029
598,527,31.513874911147774
598,1198,31.209565323073907
598,296,28.781856937890833
598,50,26.359903444435293
598,4993,25.853091410727643
598,1196,18.607398866988504
598,150,18.41082009023883
598,1210,17.570244475388787
598,2959,16.441179531170793
598,47,15.32058635831096
598,1,14.837003081996638
598,780,14.538775934915853
599,589,25.32891308190856
599,4226,16.094796946975727
599,590,14.981663637951142
599,2028,13.991361904023563
599,527,12.874833001089518
599,3578,12.059125747363389
599,1193,9.78264540391325
599,293,9.505829694901035
599,7361,9.342727873650688
599,34,9.309948543684955
599,1721,9.169583151727672
599,2115,8.401884219819824
599,588,7.5286834971602214
599,6377,6.832116802837699
599,3793,6.441147323757778
599,208,6.229037239027647
599,595,5.873685530472746
599,454,5.84982129101885
599,223,5.749598235240376
599,4973,3.3946727774185894
600,50,21.100500441307837
600,590,21.09751693794751
600,2028,19.657394631404927
600,1704,17.7007830464653
600,3578,16.55083519706848
600,79132,15.460473216836125
600,1580,15.221389919146475
600,1193,13.234543075386593
600,153,12.492917724786265
600,1213,12.017656142201204
600,6539,11.210344354001776
600,1221,11.016129865312875
600,1089,9.320894874908142
600,293,8.56243870344218
600,316,8.4181930083809
600,8961,8.327937210860467
600,4306,7.969035517287902
600,1206,7.912570565419456
600,597,7.134716730345849
600,10,4.794340754692695
601,589,66.48836870755142
601,110,63.19396537903785
601,2858,62.84564411150942
601,260,62.77524938566955
601,480,55.3717363382977
601,356,45.37715771615188
601,593,44.83185933766497
601,457,40.82627605684733
601,296,38.55979179882966
601,608,36.297681472848076
601,150,28.614893214589667
601,1270,28.1771620338917
601,1196,27.57102459383607
601,1210,23.00875558945827
601,588,21.663289371655356
601,364,17.624495449216113
601,780,17.524097428525042
601,380,16.29579533079029
601,592,16.127289359596546
601,32,12.655138116152903
602,589,45.979098589076386
602,2571,38.38699204585704
602,2858,34.80812066647692
602,1198,27.856048672246168
602,2762,27.298576194306964
602,2028,26.46850465413484
602,858,23.471901418782302
602,7153,22.62084549867862
602,4993,21.946545257910817
602,3578,20.62439557985804
602,5952,18.94853779776097
602,1196,18.771965386509265
602,2959,17.007340294748698
602,1270,16.90646327636364
602,1210,16.8037695215833
602,1580,16.588623956032638
602,592,11.512877121022246
602,588,11.257486479175897
602,1,9.600973009829298
602,4306,4.399713553670574
603,318,29.421065637831294
603,589,27.69631890383136
603,608,24.500366903700364
603,50,22.565760126265545
603,480,19.452670670789146
603,7153,17.66990567941815
603,4993,16.17157572573731
603,47,16.146760032201414
603,150,12.924633624396336
603,5952,12.347907053368822
603,58559,12.228545952426122
603,165,8.573457608294907
603,344,8.062385716485478
603,364,7.892666409915527
603,780,7.823763731232226
603,588,7.157728407341162
603,6377,6.759475560185989
603,6539,6.234183073299109
603,367,5.896849501475243
603,4306,4.797962097376091
604,589,32.80187075526003
604,2571,25.325079051209062
604,260,21.514627406871675
604,318,21.47605440660151
604,480,19.597219479741213
604,2858,19.33431613159842
604,50,18.257870981559083
604,356,17.074248604877617
604,457,16.802419393839408
604,1198,15.940481376748151
604,858,14.768712749571419
604,527,14.656944432087956
604,47,14.373329979802731
604,4993,12.783836468413437
604,1196,12.561000038379742
604,2959,12.453580740881007
604,1210,12.19425677714722
604,150,11.083541808073587
604,5952,11.019416820805557
604,780,10.75809154719747
605,2571,35.102681972052174
605,1196,29.39194193087509
605,1198,28.76644110748302
605,527,22.285744057746072
605,318,21.46982897173759
605,2028,20.243385508360856
605,2858,19.71257905086448
605,1,18.62071060056358
605,457,18.169957988864716
605,50,16.95268846090124
605,364,16.646891445268274
605,593,16.562879815178995
605,858,15.720168568470916
605,380,15.434353061531894
605,377,15.251189987121588
605,608,13.567799178129228
605,2762,13.398234290747975
605,2959,13.192836808400399
605,47,12.856408964723167
605,32,8.580845810316436
606,608,23.052608223826706
606,2028,20.81467358584386
606,1198,20.691962920233884
606,3578,17.62261191977852
606,4993,17.581544690720253
606,457,17.283902599646325
606,47,13.938917816685901
606,150,11.970614954407981
606,58559,11.24893695909763
606,380,8.989597896091809
606,595,8.878852125756719
606,377,8.68461908746526
606,364,8.64319927863275
606,588,8.535925051703304
606,1036,8.348963225352916
606,165,7.971874042302045
606,344,7.565967726347108
606,6539,7.221891216332574
606,4306,7.088121923042446
606,367,6.031151036940457
607,1198,45.17673503924055
607,590,38.273139372270144
607,2858,35.697446929914506
607,356,33.947599860340986
607,50,28.827147599438085
607,7153,27.764777087919867
607,3578,27.359813440186155
607,4993,25.891523719057023
607,4226,25.652276203767023
607,377,23.748464920343583
607,5952,22.345245920990994
607,47,22.088209685678542
607,2959,17.335861249850886
607,380,17.27352340054251
607,588,15.810647296991311
607,364,12.419107621459084
607,32,10.487465825199736
607,344,10.01641210404771
607,648,9.359334269370562
607,4306,7.369065979583642
608,1198,21.645309079377913
608,79132,14.3967658143316
608,58559,13.4267180453869
608,68954,12.345087752937536
608,165,12.30711084058223
608,1097,12.184249252454476
608,293,10.700068152071612
608,316,10.668833740467896
608,1221,10.64147289219477
608,3147,9.699807646285223
608,4886,9.593721813696584
608,349,8.956181346118507
608,6,8.553540814627945
608,1197,8.464823504188614
608,434,7.972244306039005
608,60069,7.564836501434046
608,597,7.435272949755403
608,454,6.670790150900785
608,33794,6.594297849021462
608,4973,3.2786349966974186
609,2571,56.219183365933446
609,260,40.95594849586031
609,2028,37.642753716701975
609,1198,36.80479549325739
609,2858,34.53140609157176
609,527,31.52986431035145
609,593,31.024304738467734
609,47,27.86039244797576
609,2762,26.970520413186087
609,4993,25.970231313088107
609,5952,24.748508058127438
609,608,23.228448023911223
609,50,22.996060685532214
609,858,22.83851756114008
609,1196,19.02212560181719
609,2959,18.811925659456776
609,1210,18.33645943409188
609,588,14.997884842104927
609,780,14.163239143482889
609,32,12.073599043979417
610,480,22.71296965553452
610,2762,17.016550540449053
610,590,14.865679391863132
610,1580,12.091462090329573
610,1704,11.768048262034025
610,780,10.116181296448227
610,165,9.978375760859608
610,7361,9.908262389481704
610,1089,9.844791993030235
610,150,9.459885478418586
610,1193,8.811522884611238
610,316,8.778279284645558
610,2329,8.50326640052962
610,648,7.910658549866778
610,500,7.081777621665202
610,588,7.023148058649702
610,364,6.224105786794878
610,10,5.92938755279968
610,595,5.568283197898918
610,597,5.039269262302907
